Covid-19 Population Estimated by PSD Model @ CDS/IISc
Day AN AP AR AS BR CH CT DL GA GJ HR HP JK JH KA KL LA LD MP MH MN OR PY PB RJ SK TN TG TR UP UT WB Total
0.0 3 17 1 2 7 9 3 51 1 38 32 4 12 1 45 121 14 1 18 132 1 4 2 27 45 1 33 48 1 47 6 12 740
1.0 4 20 1 3 9 11 4 62 1 47 39 5 15 1 54 148 18 1 21 162 1 5 3 33 54 1 40 58 1 57 8 15 902
2.0 4 23 1 3 10 13 4 72 1 54 45 6 18 1 63 171 20 1 25 187 1 6 3 38 63 1 47 67 1 66 9 18 1045
3.0 5 27 2 3 12 15 5 81 2 61 51 7 20 2 71 194 23 2 28 212 2 7 3 43 71 2 53 76 2 75 10 20 1187
4.0 6 30 2 4 13 17 6 92 2 69 58 7 22 2 81 219 26 2 32 240 2 7 4 49 81 2 60 86 2 84 11 22 1340
5.0 6 34 2 4 15 19 6 104 2 78 65 8 25 2 91 247 30 2 36 270 2 8 4 55 91 2 68 97 2 95 13 25 1510
6.0 7 38 2 5 17 21 7 117 2 88 74 10 29 2 102 279 33 2 40 305 2 10 5 62 102 2 76 109 2 107 14 29 1702
7.0 8 43 3 5 19 24 8 131 3 99 83 11 32 3 115 314 38 3 46 343 3 11 5 70 115 3 86 123 3 121 16 32 1917
8.0 9 48 3 6 21 27 9 148 3 112 94 12 36 3 130 353 42 3 51 387 3 12 6 79 130 3 97 139 3 136 18 36 2160
9.0 10 54 3 7 24 31 10 167 3 126 105 14 41 3 146 398 48 3 58 435 3 14 7 88 146 3 109 156 3 153 20 41 2431
10.0 11 61 4 8 27 34 11 187 4 142 119 15 46 4 165 448 54 4 65 490 4 15 8 99 165 4 122 176 4 172 23 46 2735
11.0 13 69 4 9 30 39 13 211 4 159 133 17 52 4 185 503 60 4 73 551 4 17 9 112 185 4 138 198 4 194 26 52 3076
12.0 14 77 5 10 34 43 14 237 5 179 150 19 58 5 208 565 68 5 82 619 5 19 10 126 208 5 155 222 5 217 29 58 3455
13.0 16 87 5 11 38 49 16 266 5 201 168 22 65 5 233 635 76 5 92 694 5 22 11 141 233 5 174 250 5 244 33 65 3878
14.0 18 97 6 12 43 55 18 298 6 225 189 24 73 6 262 712 85 6 103 779 6 24 12 158 262 6 195 280 6 274 36 73 4349
15.0 20 109 7 14 48 61 20 334 7 252 211 27 82 7 293 797 95 7 116 872 7 27 14 177 293 7 218 313 7 307 41 82 4871
16.0 23 122 8 15 53 68 23 373 8 281 236 30 91 8 327 890 107 8 129 974 8 30 15 198 327 8 243 350 8 342 46 91 5440
17.0 25 135 8 17 59 76 25 415 8 313 262 34 102 8 364 990 118 8 144 1083 8 34 17 220 364 8 271 389 8 381 51 102 6050
18.0 28 150 9 19 66 84 28 459 9 347 290 37 112 9 403 1096 131 9 159 1199 9 37 19 244 403 9 300 431 9 422 56 112 6700
19.0 31 165 10 21 72 93 31 506 10 382 320 41 124 10 444 1209 145 10 176 1322 10 41 21 269 444 10 331 475 10 465 62 124 7387
20.0 34 181 11 23 79 102 34 556 11 419 351 45 136 11 488 1326 159 11 193 1451 11 45 23 295 488 11 363 522 11 510 68 136 8106
21.0 37 198 12 25 87 111 37 607 12 458 384 50 149 12 533 1449 173 12 211 1585 12 50 25 322 533 12 396 570 12 557 74 149 8856
22.0 40 215 13 27 94 121 40 660 13 498 417 54 162 13 579 1575 188 13 229 1723 13 54 27 350 579 13 431 619 13 606 81 162 9626
23.0 44 234 15 29 102 132 44 716 15 541 453 58 175 15 628 1710 205 15 248 1871 15 58 29 380 628 15 468 672 15 658 88 175 10450
24.0 48 253 16 32 111 143 48 776 16 586 491 63 190 16 681 1853 222 16 269 2027 16 63 32 412 681 16 507 729 16 713 95 190 11325
25.0 51 274 17 34 120 154 51 840 17 634 531 69 206 17 737 2005 240 17 291 2193 17 69 34 446 737 17 548 788 17 771 103 206 12252
26.0 56 296 19 37 130 167 56 907 19 685 574 74 222 19 796 2166 259 19 315 2369 19 74 37 481 796 19 592 851 19 833 111 222 13235
27.0 60 319 20 40 140 180 60 978 20 739 619 80 240 20 859 2336 280 20 339 2556 20 80 40 519 859 20 639 918 20 898 120 240 14275
28.0 65 344 22 43 151 194 65 1054 22 796 667 86 258 22 925 2516 301 22 366 2753 22 86 43 559 925 22 688 989 22 968 129 258 15378
29.0 69 370 23 46 162 208 69 1134 23 856 717 93 278 23 995 2708 324 23 393 2962 23 93 46 602 995 23 741 1065 23 1041 139 278 16547
30.0 75 398 25 50 174 224 75 1219 25 920 771 100 299 25 1070 2910 348 25 423 3184 25 100 50 647 1070 25 796 1144 25 1119 149 299 17786
31.0 80 427 27 53 187 240 80 1309 27 988 828 107 321 27 1149 3125 374 27 454 3419 27 107 53 694 1149 27 855 1229 27 1202 160 321 19098
32.0 86 458 29 57 201 258 86 1404 29 1060 888 115 344 29 1232 3352 401 29 487 3668 29 115 57 745 1232 29 917 1318 29 1289 172 344 20487
33.0 92 491 31 61 215 276 92 1505 31 1136 952 123 368 31 1320 3593 430 31 522 3931 31 123 61 798 1320 31 983 1413 31 1382 184 368 21956
34.0 99 526 33 66 230 296 99 1611 33 1217 1019 132 395 33 1414 3847 460 33 559 4209 33 132 66 855 1414 33 1052 1513 33 1480 197 395 23510
35.0 106 563 35 70 246 317 106 1724 35 1302 1091 141 422 35 1513 4116 493 35 598 4503 35 141 70 915 1513 35 1126 1618 35 1583 211 422 25153
36.0 113 602 38 75 263 338 113 1843 38 1391 1166 150 451 38 1617 4400 526 38 639 4814 38 150 75 978 1617 38 1203 1730 38 1692 226 451 26889
37.0 120 642 40 80 281 361 120 1967 40 1485 1244 161 482 40 1726 4697 562 40 682 5138 40 161 80 1044 1726 40 1285 1847 40 1806 241 482 28702
38.0 128 684 43 86 299 385 128 2096 43 1582 1326 171 513 43 1839 5004 599 43 727 5474 43 171 86 1112 1839 43 1369 1967 43 1924 257 513 30578
39.0 136 728 45 91 318 409 136 2228 45 1683 1410 182 546 45 1955 5320 637 45 773 5821 45 182 91 1182 1955 45 1455 2092 45 2046 273 546 32513
40.0 145 772 48 97 338 434 145 2364 48 1785 1496 193 579 48 2075 5646 676 48 820 6177 48 193 97 1255 2075 48 1544 2220 48 2171 290 579 34502
41.0 153 818 51 102 358 460 153 2504 51 1891 1584 204 613 51 2197 5979 715 51 869 6541 51 204 102 1329 2197 51 1635 2351 51 2300 307 613 36537
42.0 162 864 54 108 378 486 162 2646 54 1998 1674 216 648 54 2322 6318 756 54 918 6912 54 216 108 1404 2322 54 1728 2484 54 2430 324 648 38610
43.0 171 911 57 114 399 512 171 2790 57 2107 1765 228 683 57 2448 6662 797 57 968 7288 57 228 114 1480 2448 57 1822 2619 57 2562 342 683 40712
44.0 180 958 60 120 419 539 180 2935 60 2216 1857 240 719 60 2576 7009 839 60 1018 7668 60 240 120 1558 2576 60 1917 2756 60 2696 359 719 42832
45.0 189 1006 63 126 440 566 189 3081 63 2327 1949 252 755 63 2704 7357 880 63 1069 8049 63 252 126 1635 2704 63 2012 2893 63 2830 377 755 44960
46.0 198 1054 66 132 461 593 198 3227 66 2437 2041 263 790 66 2832 7705 922 66 1120 8429 66 263 132 1712 2832 66 2107 3029 66 2963 395 790 47086
47.0 206 1101 69 138 482 619 206 3372 69 2546 2133 275 826 69 2959 8050 963 69 1170 8807 69 275 138 1789 2959 69 2202 3165 69 3096 413 826 49197
48.0 215 1148 72 143 502 646 215 3515 72 2654 2223 287 861 72 3084 8392 1004 72 1219 9181 72 287 143 1865 3084 72 2295 3299 72 3228 430 861 51283
49.0 224 1193 75 149 522 671 224 3655 75 2760 2312 298 895 75 3207 8727 1044 75 1268 9547 75 298 149 1939 3207 75 2387 3431 75 3357 448 895 53332
50.0 232 1238 77 155 542 696 232 3792 77 2863 2399 310 929 77 3328 9054 1083 77 1316 9905 77 310 155 2012 3328 77 2476 3560 77 3482 464 929 55331
51.0 240 1282 80 160 561 721 240 3925 80 2964 2483 320 961 80 3444 9372 1121 80 1362 10253 80 320 160 2083 3444 80 2563 3685 80 3604 481 961 57271
52.0 248 1325 83 166 580 745 248 4057 83 3063 2566 331 993 83 3560 9686 1159 83 1407 10597 83 331 166 2152 3560 83 2649 3808 83 3725 497 993 59192
53.0 256 1368 85 171 598 769 256 4189 85 3163 2650 342 1026 85 3676 10003 1197 85 1453 10944 85 342 171 2223 3676 85 2736 3933 85 3847 513 1026 61132
54.0 265 1412 88 176 618 794 265 4323 88 3265 2735 353 1059 88 3794 10323 1235 88 1500 11294 88 353 176 2294 3794 88 2823 4059 88 3970 529 1059 63086
55.0 273 1456 91 182 637 819 273 4459 91 3367 2821 364 1092 91 3913 10646 1274 91 1547 11647 91 364 182 2366 3913 91 2912 4186 91 4095 546 1092 65058
56.0 281 1500 94 188 656 844 281 4595 94 3470 2907 375 1125 94 4032 10972 1313 94 1594 12003 94 375 188 2438 4032 94 3001 4314 94 4220 563 1125 67049
57.0 290 1545 97 193 676 869 290 4733 97 3574 2994 386 1159 97 4154 11301 1352 97 1642 12364 97 386 193 2511 4154 97 3091 4443 97 4347 580 1159 69064
58.0 298 1591 99 199 696 895 298 4873 99 3680 3083 398 1193 99 4276 11636 1392 99 1691 12730 99 398 199 2586 4276 99 3182 4575 99 4475 597 1193 71107
59.0 307 1638 102 205 716 921 307 5015 102 3787 3173 409 1228 102 4401 11975 1433 102 1740 13101 102 409 205 2661 4401 102 3275 4708 102 4606 614 1228 73182
60.0 316 1685 105 211 737 948 316 5160 105 3896 3264 421 1264 105 4528 12321 1474 105 1790 13479 105 421 211 2738 4528 105 3370 4844 105 4739 632 1264 75292
61.0 325 1733 108 217 758 975 325 5307 108 4007 3358 433 1300 108 4657 12672 1516 108 1841 13864 108 433 217 2816 4657 108 3466 4982 108 4874 650 1300 77441
62.0 334 1782 111 223 780 1002 334 5457 111 4121 3453 445 1336 111 4789 13031 1559 111 1893 14256 111 445 223 2896 4789 111 3564 5123 111 5012 668 1336 79632
63.0 344 1832 115 229 802 1031 344 5611 115 4237 3550 458 1374 115 4924 13397 1603 115 1947 14656 115 458 229 2977 4924 115 3664 5267 115 5153 687 1374 81868
64.0 353 1883 118 235 824 1059 353 5767 118 4355 3649 471 1412 118 5061 13770 1648 118 2001 15065 118 471 235 3060 5061 118 3766 5414 118 5296 706 1412 84151
65.0 363 1935 121 242 847 1089 363 5927 121 4475 3750 484 1452 121 5201 14152 1693 121 2056 15483 121 484 242 3145 5201 121 3871 5564 121 5443 726 1452 86485
66.0 373 1989 124 249 870 1119 373 6091 124 4599 3853 497 1492 124 5345 14543 1740 124 2113 15910 124 497 249 3232 5345 124 3978 5718 124 5593 746 1492 88872
67.0 383 2043 128 255 894 1149 383 6258 128 4725 3959 511 1533 128 5492 14942 1788 128 2171 16347 128 511 255 3321 5492 128 4087 5875 128 5747 766 1533 91315
68.0 394 2099 131 262 918 1181 394 6429 131 4855 4068 525 1575 131 5642 15352 1837 131 2231 16795 131 525 262 3411 5642 131 4199 6036 131 5904 787 1575 93816
69.0 404 2157 135 270 944 1213 404 6605 135 4987 4179 539 1618 135 5796 15771 1887 135 2291 17254 135 539 270 3505 5796 135 4313 6200 135 6066 809 1618 96377
70.0 415 2215 138 277 969 1246 415 6785 138 5123 4292 554 1662 138 5954 16200 1938 138 2354 17723 138 554 277 3600 5954 138 4431 6369 138 6231 831 1662 99001
71.0 427 2276 142 284 996 1280 427 6969 142 5262 4409 569 1707 142 6116 16640 1991 142 2418 18205 142 569 284 3698 6116 142 4551 6542 142 6400 853 1707 101691
72.0 438 2337 146 292 1023 1315 438 7158 146 5405 4529 584 1753 146 6281 17092 2045 146 2483 18698 146 584 292 3798 6281 146 4675 6720 146 6574 876 1753 104448
73.0 450 2401 150 300 1050 1350 450 7352 150 5551 4651 600 1800 150 6452 17554 2100 150 2551 19205 150 600 300 3901 6452 150 4801 6902 150 6752 900 1800 107275
74.0 462 2465 154 308 1079 1387 462 7550 154 5701 4777 616 1849 154 6626 18029 2157 154 2620 19724 154 616 308 4006 6626 154 4931 7088 154 6934 925 1849 110175
75.0 475 2534 158 317 1108 1425 475 7759 158 5859 4909 633 1900 158 6809 18527 2217 158 2692 20269 158 633 317 4117 6809 158 5067 7284 158 7126 950 1900 113219
76.0 491 2618 164 327 1145 1473 491 8018 164 6054 5072 655 1964 164 7036 19144 2291 164 2782 20944 164 655 327 4254 7036 164 5236 7527 164 7363 982 1964 116992
77.0 507 2706 169 338 1184 1522 507 8287 169 6258 5243 677 2030 169 7273 19788 2368 169 2875 21649 169 677 338 4397 7273 169 5412 7780 169 7611 1015 2030 120928
78.0 525 2799 175 350 1224 1574 525 8571 175 6472 5423 700 2099 175 7522 20466 2449 175 2974 22390 175 700 350 4548 7522 175 5597 8046 175 7871 1050 2099 125069
79.0 543 2897 181 362 1267 1629 543 8871 181 6698 5612 724 2172 181 7784 21181 2534 181 3078 23172 181 724 362 4707 7784 181 5793 8327 181 8146 1086 2172 129438
80.0 562 3000 187 375 1312 1687 562 9186 187 6937 5812 750 2250 187 8062 21935 2625 187 3187 23997 187 750 375 4874 8062 187 5999 8624 187 8437 1125 2250 134048
81.0 583 3108 194 389 1360 1748 583 9519 194 7188 6022 777 2331 194 8354 22730 2720 194 3303 24867 194 777 389 5051 8354 194 6217 8937 194 8742 1166 2331 138905
82.0 604 3223 201 403 1410 1813 604 9869 201 7452 6244 806 2417 201 8661 23566 2820 201 3424 25781 201 806 403 5237 8661 201 6445 9265 201 9064 1209 2417 144013
83.0 627 3343 209 418 1462 1880 627 10237 209 7730 6476 836 2507 209 8983 24443 2925 209 3552 26741 209 836 418 5432 8983 209 6685 9610 209 9401 1253 2507 149374
84.0 650 3468 217 434 1517 1951 650 10621 217 8020 6720 867 2601 217 9321 25361 3035 217 3685 27746 217 867 434 5636 9321 217 6936 9971 217 9754 1301 2601 154986
85.0 675 3599 225 450 1575 2025 675 11023 225 8324 6974 900 2700 225 9673 26321 3149 225 3824 28795 225 900 450 5849 9673 225 7199 10348 225 10123 1350 2700 160848
86.0 700 3736 233 467 1634 2101 700 11441 233 8639 7238 934 2802 233 10040 27319 3269 233 3969 29888 233 934 467 6071 10040 233 7472 10741 233 10507 1401 2802 166951
87.0 727 3878 242 485 1696 2181 727 11875 242 8967 7513 969 2908 242 10421 28354 3393 242 4120 31020 242 969 485 6301 10421 242 7755 11148 242 10906 1454 2908 173277
88.0 754 4023 251 503 1760 2263 754 12321 251 9304 7795 1006 3017 251 10813 29420 3520 251 4275 32186 251 1006 503 6538 10813 251 8047 11567 251 11316 1509 3017 179791
89.0 782 4172 261 521 1825 2347 782 12776 261 9647 8083 1043 3129 261 11212 30507 3650 261 4433 33375 261 1043 521 6779 11212 261 8344 11994 261 11733 1564 3129 186429
90.0 810 4321 270 540 1890 2430 810 13232 270 9992 8371 1080 3241 270 11612 31595 3781 270 4591 34566 270 1080 540 7021 11612 270 8641 12422 270 12152 1620 3241 193082
91.0 837 4466 279 558 1954 2512 837 13678 279 10328 8653 1117 3350 279 12003 32659 3908 279 4745 35730 279 1117 558 7258 12003 279 8932 12840 279 12561 1675 3350 199583
92.0 863 4603 288 575 2014 2589 863 14097 288 10645 8919 1151 3452 288 12371 33660 4028 288 4891 36825 288 1151 575 7480 12371 288 9206 13234 288 12946 1726 3452 205703
93.0 886 4726 295 591 2068 2658 886 14473 295 10928 9156 1181 3544 295 12701 34557 4135 295 5021 37806 295 1181 591 7679 12701 295 9452 13587 295 13291 1772 3544 211184
94.0 905 4829 302 604 2113 2716 905 14789 302 11167 9356 1207 3622 302 12978 35313 4225 302 5131 38633 302 1207 604 7847 12978 302 9658 13884 302 13582 1811 3622 215802
95.0 921 4911 307 614 2148 2762 921 15039 307 11356 9514 1228 3683 307 13197 35908 4297 307 5217 39284 307 1228 614 7980 13197 307 9821 14118 307 13811 1841 3683 219440
96.0 932 4971 311 621 2175 2796 932 15223 311 11495 9631 1243 3728 311 13359 36348 4349 311 5281 39766 311 1243 621 8077 13359 311 9941 14291 311 13980 1864 3728 222130
97.0 940 5013 313 627 2193 2820 940 15354 313 11593 9713 1253 3760 313 13473 36660 4387 313 5327 40107 313 1253 627 8147 13473 313 10027 14414 313 14100 1880 3760 224036
98.0 946 5044 315 631 2207 2837 946 15448 315 11665 9773 1261 3783 315 13556 36885 4414 315 5359 40353 315 1261 631 8197 13556 315 10088 14502 315 14187 1892 3783 225410
99.0 950 5069 317 634 2218 2851 950 15525 317 11723 9822 1267 3802 317 13624 37069 4436 317 5386 40555 317 1267 634 8238 13624 317 10139 14574 317 14257 1901 3802 226535
100.0 955 5095 318 637 2229 2866 955 15604 318 11783 9872 1274 3821 318 13693 37259 4458 318 5414 40762 318 1274 637 8280 13693 318 10191 14649 318 14330 1911 3821 227694
101.0 961 5128 320 641 2243 2884 961 15703 320 11857 9935 1282 3846 320 13780 37495 4487 320 5448 41020 320 1282 641 8332 13780 320 10255 14742 320 14421 1923 3846 229136
102.0 969 5171 323 646 2262 2908 969 15835 323 11957 10018 1293 3878 323 13896 37810 4524 323 5494 41364 323 1293 646 8402 13896 323 10341 14865 323 14542 1939 3878 231059
103.0 980 5227 327 653 2287 2940 980 16009 327 12088 10128 1307 3921 327 14049 38225 4574 327 5554 41819 327 1307 653 8494 14049 327 10455 15029 327 14702 1960 3921 233598
104.0 994 5299 331 662 2319 2981 994 16230 331 12255 10268 1325 3975 331 14242 38752 4637 331 5631 42396 331 1325 662 8612 14242 331 10599 15236 331 14905 1987 3975 236819
105.0 1010 5387 337 673 2357 3030 1010 16498 337 12458 10438 1347 4040 337 14478 39393 4714 337 5724 43097 337 1347 673 8754 14478 337 10774 15488 337 15151 2020 4040 240737
106.0 1029 5490 343 686 2402 3088 1029 16813 343 12696 10637 1373 4118 343 14754 40146 4804 343 5833 43920 343 1373 686 8921 14754 343 10980 15784 343 15441 2059 4118 245335
107.0 1051 5608 350 701 2453 3154 1051 17173 350 12968 10865 1402 4206 350 15071 41006 4907 350 5958 44861 350 1402 701 9112 15071 350 11215 16122 350 15771 2103 4206 250591
108.0 1076 5739 359 717 2511 3228 1076 17577 359 13272 11120 1435 4305 359 15425 41970 5022 359 6098 45916 359 1435 717 9327 15425 359 11479 16501 359 16142 2152 4305 256481
109.0 1103 5885 368 736 2575 3310 1103 18023 368 13609 11402 1471 4414 368 15816 43034 5149 368 6253 47080 368 1471 736 9563 15816 368 11770 16919 368 16552 2207 4414 262985
110.0 1133 6044 378 755 2644 3400 1133 18509 378 13976 11710 1511 4533 378 16243 44196 5288 378 6422 48351 378 1511 755 9821 16243 378 12088 17376 378 16998 2266 4533 270084
111.0 1165 6216 388 777 2719 3496 1165 19035 388 14374 12043 1554 4662 388 16704 45452 5439 388 6604 49725 388 1554 777 10100 16704 388 12431 17870 388 17481 2331 4662 277760
112.0 1200 6400 400 800 2800 3600 1200 19599 400 14799 12399 1600 4800 400 17199 46798 5600 400 6800 51198 400 1600 800 10400 17199 400 12799 18399 400 17999 2400 4800 285987
113.0 1237 6595 412 824 2886 3710 1237 20199 412 15252 12779 1649 4947 412 17725 48229 5771 412 7008 52764 412 1649 824 10718 17725 412 13191 18962 412 18550 2473 4947 294734
114.0 1275 6802 425 850 2976 3826 1275 20830 425 15729 13178 1700 5101 425 18280 49738 5952 425 7227 54414 425 1700 850 11053 18280 425 13603 19555 425 19130 2551 5101 303953
115.0 1316 7017 439 877 3070 3947 1316 21489 439 16227 13595 1754 5263 439 18858 51311 6140 439 7455 56135 439 1754 877 11402 18858 439 14034 20174 439 19735 2631 5263 313568
116.0 1357 7238 452 905 3167 4071 1357 22167 452 16738 14024 1810 5429 452 19453 52929 6333 452 7691 57906 452 1810 905 11762 19453 452 14476 20810 452 20357 2714 5429 323458
117.0 1399 7461 466 933 3264 4197 1399 22850 466 17254 14456 1865 5596 466 20052 54560 6529 466 7928 59690 466 1865 933 12125 20052 466 14922 21451 466 20985 2798 5596 333424
118.0 1440 7679 480 960 3359 4319 1440 23516 480 17757 14878 1920 5759 480 20637 56152 6719 480 8159 61431 480 1920 960 12478 20637 480 15358 22077 480 21597 2880 5759 343148
119.0 1478 7880 493 985 3448 4433 1478 24133 493 18223 15268 1970 5910 493 21178 57625 6895 493 8373 63042 493 1970 985 12805 21178 493 15761 22656 493 22163 2955 5910 352150
120.0 1510 8051 503 1006 3522 4529 1510 24657 503 18618 15599 2013 6038 503 21638 58874 7045 503 8554 64409 503 2013 1006 13083 21638 503 16102 23147 503 22644 3019 6038 359787
121.0 1533 8176 511 1022 3577 4599 1533 25038 511 18906 15840 2044 6132 511 21972 59784 7154 511 8687 65404 511 2044 1022 13285 21972 511 16351 23505 511 22994 3066 6132 365344
122.0 1545 8241 515 1030 3605 4635 1545 25237 515 19057 15966 2060 6181 515 22147 60261 7211 515 8756 65926 515 2060 1030 13391 22147 515 16482 23692 515 23177 3090 6181 368259
123.0 1545 8243 515 1030 3606 4636 1545 25243 515 19061 15970 2061 6182 515 22152 60273 7212 515 8758 65940 515 2061 1030 13394 22152 515 16485 23697 515 23182 3091 6182 368338
124.0 1535 8186 512 1023 3582 4605 1535 25071 512 18931 15861 2047 6140 512 22001 59862 7163 512 8698 65490 512 2047 1023 13303 22001 512 16373 23536 512 23024 3070 6140 365825
125.0 1516 8084 505 1011 3537 4547 1516 24757 505 18694 15663 2021 6063 505 21726 59115 7074 505 8589 64672 505 2021 1011 13137 21726 505 16168 23242 505 22736 3032 6063 361256
126.0 1491 7949 497 994 3478 4472 1491 24345 497 18383 15402 1987 5962 497 21364 58131 6956 497 8446 63596 497 1987 994 12918 21364 497 15899 22855 497 22358 2981 5962 355243
127.0 1462 7795 487 974 3410 4385 1462 23872 487 18026 15103 1949 5846 487 20949 57001 6821 487 8282 62360 487 1949 974 12667 20949 487 15590 22411 487 21923 2923 5846 348340
128.0 1431 7631 477 954 3338 4292 1431 23368 477 17646 14784 1908 5723 477 20507 55798 6677 477 8107 61044 477 1908 954 12400 20507 477 15261 21938 477 21461 2861 5723 340988
129.0 1399 7464 466 933 3265 4198 1399 22857 466 17260 14461 1866 5598 466 20059 54578 6531 466 7930 59709 466 1866 933 12128 20059 466 14927 21458 466 20992 2799 5598 333532
130.0 1369 7301 456 913 3194 4107 1369 22358 456 16882 14145 1825 5475 456 19620 53385 6388 456 7757 58404 456 1825 913 11863 19620 456 14601 20989 456 20533 2738 5475 326242
131.0 1340 7146 447 893 3127 4020 1340 21886 447 16526 13846 1787 5360 447 19206 52258 6253 447 7593 57171 447 1787 893 11613 19206 447 14293 20546 447 20099 2680 5360 319353
132.0 1314 7006 438 876 3065 3941 1314 21456 438 16201 13574 1751 5254 438 18828 51231 6130 438 7444 56048 438 1751 876 11385 18828 438 14012 20142 438 19704 2627 5254 313078
133.0 1291 6884 430 860 3012 3872 1291 21081 430 15918 13337 1721 5163 430 18500 50337 6023 430 7314 55069 430 1721 860 11186 18500 430 13767 19791 430 19360 2581 5163 307614
134.0 1272 6783 424 848 2968 3816 1272 20774 424 15686 13143 1696 5087 424 18230 49603 5935 424 7207 54267 424 1696 848 11023 18230 424 13567 19502 424 19078 2544 5087 303129
135.0 1258 6707 419 838 2934 3773 1258 20541 419 15511 12996 1677 5031 419 18026 49048 5869 419 7127 53659 419 1677 838 10900 18026 419 13415 19284 419 18865 2515 5031 299738
136.0 1248 6657 416 832 2912 3745 1248 20387 416 15394 12898 1664 4993 416 17891 48679 5825 416 7073 53256 416 1664 832 10818 17891 416 13314 19139 416 18723 2496 4993 297484
137.0 1243 6632 414 829 2901 3730 1243 20309 414 15335 12849 1658 4974 414 17822 48493 5803 414 7046 53052 414 1658 829 10776 17822 414 13263 19066 414 18651 2487 4974 296347
138.0 1243 6630 414 829 2901 3729 1243 20304 414 15331 12845 1657 4972 414 17817 48480 5801 414 7044 53038 414 1657 829 10773 17817 414 13259 19060 414 18646 2486 4972 296266
139.0 1247 6650 416 831 2909 3740 1247 20365 416 15378 12884 1662 4987 416 17871 48626 5819 416 7065 53198 416 1662 831 10806 17871 416 13300 19118 416 18702 2494 4987 297161
140.0 1254 6690 418 836 2927 3763 1254 20487 418 15470 12961 1672 5017 418 17979 48918 5853 418 7108 53518 418 1672 836 10871 17979 418 13379 19233 418 18815 2509 5017 298946
141.0 1265 6747 422 843 2952 3795 1265 20664 422 15603 13073 1687 5061 422 18134 49340 5904 422 7169 53979 422 1687 843 10965 18134 422 13495 19399 422 18977 2530 5061 301524
142.0 1279 6820 426 853 2984 3836 1279 20887 426 15772 13214 1705 5115 426 18330 49874 5968 426 7247 54563 426 1705 853 11083 18330 426 13641 19609 426 19182 2558 5115 304786
143.0 1295 6905 432 863 3021 3884 1295 21148 432 15969 13379 1726 5179 432 18558 50496 6042 432 7337 55244 432 1726 863 11221 18558 432 13811 19853 432 19422 2590 5179 308589
144.0 1312 6998 437 875 3062 3937 1312 21433 437 16184 13559 1750 5249 437 18808 51176 6124 437 7436 55987 437 1750 875 11372 18808 437 13997 20120 437 19683 2624 5249 312743
145.0 1330 7093 443 887 3103 3990 1330 21723 443 16403 13743 1773 5320 443 19063 51869 6207 443 7537 56746 443 1773 887 11527 19063 443 14187 20393 443 19950 2660 5320 316980
146.0 1347 7182 449 898 3142 4040 1347 21994 449 16607 13914 1795 5386 449 19300 52515 6284 449 7630 57453 449 1795 898 11670 19300 449 14363 20647 449 20198 2693 5386 320927
147.0 1360 7252 453 907 3173 4079 1360 22210 453 16771 14051 1813 5439 453 19490 53032 6346 453 7706 58018 453 1813 907 11785 19490 453 14504 20850 453 20397 2720 5439 324085
148.0 1367 7292 456 912 3190 4102 1367 22332 456 16863 14128 1823 5469 456 19597 53323 6381 456 7748 58337 456 1823 912 11850 19597 456 14584 20965 456 20509 2735 5469 325864
149.0 1367 7289 456 911 3189 4100 1367 22322 456 16855 14122 1822 5467 456 19588 53299 6378 456 7744 58310 456 1822 911 11844 19588 456 14577 20955 456 20499 2733 5467 325714
150.0 1357 7235 452 904 3165 4070 1357 22158 452 16732 14018 1809 5426 452 19445 52908 6331 452 7687 57882 452 1809 904 11757 19445 452 14471 20801 452 20349 2713 5426 323327
151.0 1338 7134 446 892 3121 4013 1338 21847 446 16496 13821 1783 5350 446 19171 52164 6242 446 7579 57069 446 1783 892 11592 19171 446 14267 20509 446 20063 2675 5350 318782
152.0 1311 6993 437 874 3059 3934 1311 21416 437 16171 13549 1748 5245 437 18793 51136 6119 437 7430 55943 437 1748 874 11363 18793 437 13986 20105 437 19668 2622 5245 312496
153.0 1280 6826 427 853 2986 3839 1280 20904 427 15784 13225 1706 5119 427 18344 49913 5972 427 7252 54605 427 1706 853 11092 18344 427 13651 19624 427 19197 2560 5119 305021
154.0 1246 6643 415 830 2906 3737 1246 20344 415 15362 12871 1661 4982 415 17853 48577 5813 415 7058 53144 415 1661 830 10795 17853 415 13286 19099 415 18683 2491 4982 296859
155.0 1210 6453 403 807 2823 3630 1210 19763 403 14923 12503 1613 4840 403 17343 47190 5647 403 6857 51626 403 1613 807 10487 17343 403 12907 18553 403 18150 2420 4840 288381
156.0 1174 6262 391 783 2740 3522 1174 19177 391 14481 12133 1565 4696 391 16829 45791 5479 391 6653 50096 391 1565 783 10176 16829 391 12524 18003 391 17612 2348 4696 279831
157.0 1139 6072 380 759 2657 3416 1139 18597 380 14042 11765 1518 4554 380 16320 44404 5313 380 6452 48579 380 1518 759 9868 16320 380 12145 17458 380 17079 2277 4554 271360
158.0 1104 5887 368 736 2575 3311 1104 18028 368 13613 11405 1472 4415 368 15820 43046 5151 368 6255 47093 368 1472 736 9566 15820 368 11773 16924 368 16556 2207 4415 263059
159.0 1070 5706 357 713 2496 3210 1070 17475 357 13195 11055 1426 4279 357 15335 41725 4993 357 6063 45648 357 1426 713 9272 15335 357 11412 16405 357 16048 2140 4279 254987
160.0 1037 5531 346 691 2420 3111 1037 16940 346 12791 10717 1383 4149 346 14866 40448 4840 346 5877 44251 346 1383 691 8988 14866 346 11063 15903 346 15557 2074 4149 247183
161.0 1006 5364 335 670 2347 3017 1006 16426 335 12403 10392 1341 4023 335 14415 39221 4693 335 5699 42909 335 1341 670 8716 14415 335 10727 15420 335 15085 2011 4023 239685
162.0 976 5203 325 650 2277 2927 976 15936 325 12033 10082 1301 3903 325 13984 38050 4553 325 5529 41628 325 1301 650 8456 13984 325 10407 14960 325 14635 1951 3903 232531
163.0 947 5052 316 632 2210 2842 947 15472 316 11683 9789 1263 3789 316 13578 36944 4421 316 5368 40417 316 1263 632 8210 13578 316 10104 14525 316 14209 1895 3789 225768
164.0 921 4911 307 614 2149 2762 921 15040 307 11356 9515 1228 3683 307 13198 35911 4297 307 5218 39287 307 1228 614 7980 13198 307 9822 14119 307 13812 1842 3683 219456
165.0 896 4781 299 598 2092 2689 896 14643 299 11057 9264 1195 3586 299 12850 34963 4184 299 5080 38250 299 1195 598 7770 12850 299 9563 13746 299 13447 1793 3586 213664
166.0 875 4665 292 583 2041 2624 875 14286 292 10787 9038 1166 3499 292 12537 34111 4082 292 4956 37318 292 1166 583 7580 12537 292 9330 13411 292 13120 1749 3499 208458
167.0 855 4562 285 570 1996 2566 855 13973 285 10551 8840 1141 3422 285 12262 33363 3992 285 4848 36500 285 1141 570 7414 12262 285 9125 13117 285 12832 1711 3422 203885
168.0 839 4475 280 559 1958 2517 839 13703 280 10347 8669 1119 3356 280 12025 32720 3915 280 4754 35796 280 1119 559 7271 12025 280 8949 12864 280 12585 1678 3356 199954
169.0 825 4400 275 550 1925 2475 825 13476 275 10175 8525 1100 3300 275 11825 32176 3850 275 4675 35201 275 1100 550 7150 11825 275 8800 12651 275 12376 1650 3300 196633
170.0 813 4338 271 542 1898 2440 813 13285 271 10032 8405 1084 3253 271 11658 31721 3796 271 4609 34704 271 1084 542 7049 11658 271 8676 12472 271 12200 1627 3253 193852
171.0 804 4286 268 536 1875 2411 804 13125 268 9910 8303 1071 3214 268 11518 31339 3750 268 4553 34285 268 1071 536 6964 11518 268 8571 12321 268 12053 1607 3214 191513
172.0 795 4240 265 530 1855 2385 795 12986 265 9806 8216 1060 3180 265 11396 31008 3710 265 4505 33923 265 1060 530 6891 11396 265 8481 12191 265 11926 1590 3180 189494
173.0 787 4199 262 525 1837 2362 787 12860 262 9710 8136 1050 3149 262 11285 30705 3674 262 4461 33592 262 1050 525 6823 11285 262 8398 12072 262 11810 1575 3149 187644
174.0 780 4157 260 520 1819 2339 780 12732 260 9614 8055 1039 3118 260 11173 30402 3638 260 4417 33260 260 1039 520 6756 11173 260 8315 11953 260 11693 1559 3118 185788
175.0 771 4111 257 514 1799 2313 771 12591 257 9508 7966 1028 3084 257 11049 30064 3597 257 4368 32891 257 1028 514 6681 11049 257 8223 11820 257 11563 1542 3084 183727
176.0 761 4056 254 507 1775 2282 761 12422 254 9380 7859 1014 3042 254 10901 29661 3549 254 4310 32450 254 1014 507 6591 10901 254 8113 11662 254 11408 1521 3042 181264
177.0 748 3989 249 499 1745 2244 748 12216 249 9224 7729 997 2992 249 10720 29169 3490 249 4238 31911 249 997 499 6482 10720 249 7978 11468 249 11219 1496 2992 178254
178.0 733 3908 244 489 1710 2198 733 11969 244 9038 7572 977 2931 244 10503 28578 3420 244 4152 31265 244 977 489 6351 10503 244 7816 11236 244 10992 1466 2931 174646
179.0 715 3815 238 477 1669 2146 715 11685 238 8823 7392 954 2862 238 10254 27901 3339 238 4054 30524 238 954 477 6200 10254 238 7631 10969 238 10731 1431 2862 170504
180.0 696 3714 232 464 1625 2089 696 11374 232 8589 7196 929 2786 232 9982 27160 3250 232 3946 29713 232 929 464 6035 9982 232 7428 10678 232 10446 1393 2786 165975
181.0 676 3608 225 451 1578 2029 676 11049 225 8343 6990 902 2706 225 9696 26382 3157 225 3833 28863 225 902 451 5863 9696 225 7216 10372 225 10147 1353 2706 161224
182.0 656 3500 219 437 1531 1969 656 10718 219 8093 6781 875 2625 219 9405 25592 3062 219 3718 27998 219 875 437 5687 9405 219 6999 10062 219 9843 1312 2625 156393
183.0 636 3392 212 424 1484 1908 636 10388 212 7844 6572 848 2544 212 9116 24804 2968 212 3604 27136 212 848 424 5512 9116 212 6784 9752 212 9540 1272 2544 151579
184.0 616 3286 205 411 1438 1848 616 10063 205 7599 6367 821 2464 205 8831 24029 2875 205 3491 26288 205 821 411 5340 8831 205 6572 9447 205 9242 1232 2464 146842
185.0 597 3182 199 398 1392 1790 597 9746 199 7359 6166 796 2387 199 8553 23271 2785 199 3381 25459 199 796 398 5171 8553 199 6365 9149 199 8951 1193 2387 142214
186.0 578 3082 193 385 1348 1733 578 9438 193 7126 5971 770 2311 193 8282 22535 2696 193 3274 24653 193 770 385 5008 8282 193 6163 8860 193 8667 1156 2311 137712
187.0 559 2984 186 373 1305 1678 559 9138 186 6900 5781 746 2238 186 8019 21820 2611 186 3170 23871 186 746 373 4849 8019 186 5968 8579 186 8392 1119 2238 133344
188.0 542 2889 181 361 1264 1625 542 8848 181 6681 5598 722 2167 181 7765 21128 2528 181 3070 23114 181 722 361 4695 7765 181 5779 8307 181 8126 1083 2167 129114
189.0 525 2798 175 350 1224 1574 525 8568 175 6470 5420 699 2098 175 7519 20458 2448 175 2972 22381 175 699 350 4546 7519 175 5595 8043 175 7868 1049 2098 125020
190.0 508 2709 169 339 1185 1524 508 8297 169 6265 5249 677 2032 169 7281 19810 2370 169 2878 21673 169 677 339 4402 7281 169 5418 7789 169 7619 1016 2032 121063
191.0 492 2624 164 328 1148 1476 492 8035 164 6067 5083 656 1968 164 7051 19185 2296 164 2788 20989 164 656 328 4263 7051 164 5247 7543 164 7379 984 1968 117241
192.0 476 2541 159 318 1112 1429 476 7782 159 5876 4923 635 1906 159 6829 18582 2223 159 2700 20329 159 635 318 4129 6829 159 5082 7306 159 7147 953 1906 113557
193.0 462 2462 154 308 1077 1385 462 7539 154 5693 4770 615 1846 154 6616 18002 2154 154 2616 19694 154 615 308 4000 6616 154 4924 7078 154 6924 923 1846 110011
194.0 447 2386 149 298 1044 1342 447 7306 149 5517 4622 596 1789 149 6411 17445 2087 149 2535 19085 149 596 298 3877 6411 149 4771 6859 149 6710 895 1789 106608
195.0 434 2313 145 289 1012 1301 434 7083 145 5348 4481 578 1735 145 6216 16913 2024 145 2457 18503 145 578 289 3758 6216 145 4626 6649 145 6505 867 1735 103356
196.0 421 2244 140 280 982 1262 421 6871 140 5188 4347 561 1683 140 6030 16407 1963 140 2384 17949 140 561 280 3646 6030 140 4487 6451 140 6310 841 1683 100263
197.0 408 2178 136 272 953 1225 408 6671 136 5037 4220 545 1634 136 5854 15929 1906 136 2314 17426 136 545 272 3540 5854 136 4357 6263 136 6126 817 1634 97341
198.0 397 2117 132 265 926 1191 397 6483 132 4895 4101 529 1588 132 5689 15479 1852 132 2249 16935 132 529 265 3440 5689 132 4234 6086 132 5954 794 1588 94596
199.0 386 2059 129 257 901 1158 386 6307 129 4762 3990 515 1544 129 5534 15059 1802 129 2188 16475 129 515 257 3346 5534 129 4119 5921 129 5792 772 1544 92026
200.0 376 2005 125 251 877 1128 376 6142 125 4638 3886 501 1504 125 5390 14665 1755 125 2131 16043 125 501 251 3259 5390 125 4011 5766 125 5640 752 1504 89618
201.0 366 1955 122 244 855 1099 366 5986 122 4520 3787 489 1466 122 5253 14293 1710 122 2077 15637 122 489 244 3176 5253 122 3909 5619 122 5497 733 1466 87345
202.0 357 1906 119 238 834 1072 357 5837 119 4407 3693 476 1429 119 5122 13937 1668 119 2025 15247 119 476 238 3097 5122 119 3812 5480 119 5360 715 1429 85171
203.0 348 1859 116 232 813 1045 348 5692 116 4298 3601 465 1394 116 4995 13591 1626 116 1975 14868 116 465 232 3020 4995 116 3717 5343 116 5227 697 1394 83054
204.0 340 1812 113 226 793 1019 340 5548 113 4189 3510 453 1359 113 4869 13247 1585 113 1925 14493 113 453 226 2944 4869 113 3623 5208 113 5095 679 1359 80955
205.0 331 1764 110 221 772 992 331 5403 110 4080 3418 441 1323 110 4742 12901 1544 110 1875 14114 110 441 221 2867 4742 110 3529 5072 110 4962 662 1323 78842
206.0 322 1716 107 215 751 965 322 5256 107 3969 3325 429 1287 107 4613 12551 1502 107 1824 13731 107 429 215 2789 4613 107 3433 4934 107 4827 644 1287 76699
207.0 313 1668 104 208 730 938 313 5108 104 3857 3231 417 1251 104 4482 12195 1459 104 1772 13342 104 417 208 2710 4482 104 3336 4795 104 4691 625 1251 74528
208.0 304 1619 101 202 708 911 304 4958 101 3744 3137 405 1214 101 4351 11838 1417 101 1720 12951 101 405 202 2631 4351 101 3238 4654 101 4553 607 1214 72343
209.0 294 1570 98 196 687 883 294 4809 98 3631 3042 393 1178 98 4220 11482 1374 98 1668 12561 98 393 196 2552 4220 98 3140 4514 98 4416 589 1178 70167
210.0 285 1522 95 190 666 856 285 4661 95 3520 2949 381 1142 95 4091 11130 1332 95 1617 12177 95 381 190 2473 4091 95 3044 4376 95 4281 571 1142 68017
211.0 277 1475 92 184 645 830 277 4517 92 3411 2858 369 1106 92 3964 10785 1291 92 1567 11799 92 369 184 2397 3964 92 2950 4240 92 4148 553 1106 65910
212.0 268 1429 89 179 625 804 268 4376 89 3304 2769 357 1072 89 3840 10449 1250 89 1518 11431 89 357 179 2322 3840 89 2858 4108 89 4019 536 1072 63855
213.0 260 1384 87 173 606 779 260 4239 87 3201 2682 346 1038 87 3720 10122 1211 87 1471 11074 87 346 173 2249 3720 87 2768 3980 87 3893 519 1038 61857
214.0 251 1341 84 168 587 754 251 4106 84 3101 2598 335 1006 84 3603 9805 1173 84 1425 10727 84 335 168 2179 3603 84 2682 3855 84 3771 503 1006 59919
215.0 244 1299 81 162 568 731 244 3978 81 3003 2516 325 974 81 3490 9497 1136 81 1380 10390 81 325 162 2111 3490 81 2598 3734 81 3653 487 974 58039
216.0 236 1258 79 157 550 708 236 3853 79 2909 2437 315 944 79 3381 9199 1101 79 1337 10064 79 315 157 2044 3381 79 2516 3617 79 3538 472 944 56219
217.0 228 1219 76 152 533 685 228 3732 76 2818 2361 305 914 76 3275 8911 1066 76 1295 9749 76 305 152 1980 3275 76 2437 3503 76 3427 457 914 54456
218.0 221 1180 74 148 516 664 221 3615 74 2730 2287 295 885 74 3172 8632 1033 74 1254 9443 74 295 148 1918 3172 74 2361 3394 74 3320 443 885 52749
219.0 214 1143 71 143 500 643 214 3502 71 2644 2215 286 858 71 3073 8361 1001 71 1215 9148 71 286 143 1858 3073 71 2287 3287 71 3216 429 858 51098
220.0 208 1108 69 138 485 623 208 3392 69 2561 2146 277 831 69 2977 8100 969 69 1177 8861 69 277 138 1800 2977 69 2215 3185 69 3115 415 831 49499
221.0 201 1073 67 134 469 604 201 3286 67 2481 2079 268 805 67 2884 7847 939 67 1140 8584 67 268 134 1744 2884 67 2146 3085 67 3018 402 805 47952
222.0 195 1040 65 130 455 585 195 3184 65 2404 2014 260 780 65 2794 7602 910 65 1105 8317 65 260 130 1689 2794 65 2079 2989 65 2924 390 780 46456
223.0 189 1007 63 126 441 567 189 3085 63 2329 1951 252 755 63 2707 7365 881 63 1070 8058 63 252 126 1637 2707 63 2014 2896 63 2833 378 755 45009
224.0 183 976 61 122 427 549 183 2989 61 2257 1891 244 732 61 2623 7136 854 61 1037 7807 61 244 122 1586 2623 61 1952 2806 61 2745 366 732 43611
225.0 177 946 59 118 414 532 177 2896 59 2187 1832 236 709 59 2542 6915 827 59 1005 7566 59 236 118 1537 2542 59 1891 2719 59 2660 355 709 42261
226.0 172 917 57 115 401 516 172 2807 57 2120 1776 229 687 57 2463 6702 802 57 974 7332 57 229 115 1489 2463 57 1833 2635 57 2578 344 687 40958
227.0 167 888 56 111 389 500 167 2721 56 2055 1721 222 666 56 2388 6497 777 56 944 7108 56 222 111 1444 2388 56 1777 2554 56 2499 333 666 39704
228.0 162 861 54 108 377 485 162 2638 54 1992 1669 215 646 54 2315 6300 754 54 915 6892 54 215 108 1400 2315 54 1723 2477 54 2423 323 646 38498
229.0 157 836 52 104 366 470 157 2559 52 1932 1619 209 627 52 2245 6110 731 52 888 6684 52 209 104 1358 2245 52 1671 2402 52 2350 313 627 37338
230.0 152 811 51 101 355 456 152 2482 51 1874 1570 203 608 51 2178 5927 709 51 861 6485 51 203 101 1317 2178 51 1621 2330 51 2280 304 608 36223
231.0 147 787 49 98 344 442 147 2409 49 1819 1524 197 590 49 2114 5752 688 49 836 6292 49 197 98 1278 2114 49 1573 2261 49 2212 295 590 35149
232.0 143 763 48 95 334 429 143 2338 48 1765 1479 191 572 48 2051 5582 668 48 811 6106 48 191 95 1240 2051 48 1527 2195 48 2147 286 572 34110
233.0 139 741 46 93 324 417 139 2269 46 1713 1435 185 556 46 1991 5417 648 46 787 5926 46 185 93 1204 1991 46 1482 2130 46 2083 278 556 33103
234.0 135 719 45 90 314 404 135 2201 45 1662 1393 180 539 45 1932 5256 629 45 764 5750 45 180 90 1168 1932 45 1438 2066 45 2022 270 539 32120
235.0 131 697 44 87 305 392 131 2135 44 1612 1351 174 523 44 1874 5099 610 44 741 5578 44 174 87 1133 1874 44 1395 2005 44 1961 261 523 31160
236.0 127 676 42 85 296 380 127 2071 42 1564 1310 169 507 42 1817 4945 592 42 719 5410 42 169 85 1099 1817 42 1353 1944 42 1902 254 507 30221
237.0 123 656 41 82 287 369 123 2008 41 1516 1270 164 492 41 1762 4795 574 41 697 5246 41 164 82 1066 1762 41 1311 1885 41 1844 246 492 29303
238.0 119 636 40 79 278 358 119 1947 40 1470 1232 159 477 40 1708 4648 556 40 675 5085 40 159 79 1033 1708 40 1271 1828 40 1788 238 477 28407
239.0 116 616 39 77 270 347 116 1887 39 1425 1194 154 462 39 1656 4506 539 39 655 4929 39 154 77 1001 1656 39 1232 1771 39 1733 231 462 27535
240.0 112 597 37 75 261 336 112 1829 37 1381 1157 149 448 37 1605 4367 523 37 635 4778 37 149 75 970 1605 37 1194 1717 37 1680 224 448 26687
241.0 109 579 36 72 253 326 109 1772 36 1338 1121 145 434 36 1555 4232 506 36 615 4630 36 145 72 941 1555 36 1158 1664 36 1628 217 434 25864
242.0 105 561 35 70 245 316 105 1718 35 1297 1087 140 421 35 1507 4102 491 35 596 4487 35 140 70 911 1507 35 1122 1613 35 1578 210 421 25066
243.0 102 544 34 68 238 306 102 1665 34 1257 1053 136 408 34 1461 3975 476 34 578 4349 34 136 68 883 1461 34 1087 1563 34 1529 204 408 24292
244.0 99 527 33 66 230 296 99 1613 33 1218 1021 132 395 33 1416 3852 461 33 560 4215 33 132 66 856 1416 33 1054 1515 33 1482 198 395 23542
245.0 96 511 32 64 223 287 96 1564 32 1181 989 128 383 32 1372 3733 447 32 542 4084 32 128 64 830 1372 32 1021 1468 32 1436 191 383 22815
246.0 93 495 31 62 216 278 93 1515 31 1144 959 124 371 31 1330 3618 433 31 526 3958 31 124 62 804 1330 31 990 1423 31 1392 186 371 22112
247.0 90 480 30 60 210 270 90 1469 30 1109 929 120 360 30 1289 3507 420 30 510 3836 30 120 60 779 1289 30 959 1379 30 1349 180 360 21430
248.0 87 465 29 58 203 261 87 1423 29 1075 901 116 349 29 1249 3399 407 29 494 3718 29 116 58 755 1249 29 930 1336 29 1307 174 349 20770
249.0 84 450 28 56 197 253 84 1380 28 1042 873 113 338 28 1211 3294 394 28 479 3604 28 113 56 732 1211 28 901 1295 28 1267 169 338 20130
250.0 82 437 27 55 191 246 82 1337 27 1010 846 109 327 27 1173 3193 382 27 464 3493 27 109 55 709 1173 27 873 1255 27 1228 164 327 19510
251.0 79 423 26 53 185 238 79 1296 26 979 820 106 317 26 1137 3094 370 26 450 3385 26 106 53 688 1137 26 846 1217 26 1190 159 317 18910
252.0 77 410 26 51 179 231 77 1256 26 948 795 103 308 26 1102 2999 359 26 436 3281 26 103 51 667 1102 26 820 1179 26 1154 154 308 18329
253.0 75 398 25 50 174 224 75 1218 25 919 770 99 298 25 1068 2907 348 25 422 3180 25 99 50 646 1068 25 795 1143 25 1118 149 298 17766
254.0 72 385 24 48 169 217 72 1180 24 891 747 96 289 24 1036 2818 337 24 409 3083 24 96 48 626 1036 24 771 1108 24 1084 145 289 17221
255.0 70 374 23 47 163 210 70 1144 23 864 724 93 280 23 1004 2732 327 23 397 2988 23 93 47 607 1004 23 747 1074 23 1051 140 280 16693
256.0 68 362 23 45 158 204 68 1109 23 837 702 91 272 23 973 2648 317 23 385 2897 23 91 45 588 973 23 724 1041 23 1018 136 272 16182
257.0 66 351 22 44 154 197 66 1075 22 812 680 88 263 22 943 2567 307 22 373 2808 22 88 44 570 943 22 702 1009 22 987 132 263 15687
258.0 64 340 21 43 149 191 64 1042 21 787 659 85 255 21 915 2489 298 21 362 2723 21 85 43 553 915 21 681 978 21 957 128 255 15209
259.0 62 330 21 41 144 186 62 1011 21 763 639 82 247 21 887 2413 289 21 351 2640 21 82 41 536 887 21 660 949 21 928 124 247 14746
260.0 60 320 20 40 140 180 60 980 20 740 620 80 240 20 860 2340 280 20 340 2560 20 80 40 520 860 20 640 920 20 900 120 240 14298
261.0 58 310 19 39 136 175 58 950 19 717 601 78 233 19 834 2269 271 19 330 2482 19 78 39 504 834 19 621 892 19 873 116 233 13865
262.0 56 301 19 38 132 169 56 921 19 696 583 75 226 19 809 2200 263 19 320 2407 19 75 38 489 809 19 602 865 19 846 113 226 13445
263.0 55 292 18 36 128 164 55 894 18 675 565 73 219 18 784 2133 255 18 310 2334 18 73 36 474 784 18 584 839 18 821 109 219 13038
264.0 53 283 18 35 124 159 53 866 18 654 548 71 212 18 760 2069 248 18 301 2263 18 71 35 460 760 18 566 813 18 796 106 212 12643
265.0 51 274 17 34 120 154 51 840 17 634 532 69 206 17 737 2006 240 17 291 2195 17 69 34 446 737 17 549 789 17 772 103 206 12259
266.0 50 266 17 33 116 150 50 815 17 615 515 67 200 17 715 1945 233 17 283 2128 17 67 33 432 715 17 532 765 17 748 100 200 11887
267.0 48 258 16 32 113 145 48 790 16 596 500 64 193 16 693 1886 226 16 274 2063 16 64 32 419 693 16 516 742 16 725 97 193 11525
268.0 47 250 16 31 109 141 47 766 16 578 484 63 188 16 672 1829 219 16 266 2000 16 63 31 406 672 16 500 719 16 703 94 188 11175
269.0 45 242 15 30 106 136 45 742 15 561 470 61 182 15 652 1773 212 15 258 1940 15 61 30 394 652 15 485 697 15 682 91 182 10834
270.0 44 235 15 29 103 132 44 720 15 544 455 59 176 15 632 1719 206 15 250 1880 15 59 29 382 632 15 470 676 15 661 88 176 10504
271.0 43 228 14 28 100 128 43 698 14 527 442 57 171 14 612 1666 199 14 242 1823 14 57 28 370 612 14 456 655 14 641 85 171 10184
272.0 41 221 14 28 97 124 41 677 14 511 428 55 166 14 594 1616 193 14 235 1768 14 55 28 359 594 14 442 635 14 621 83 166 9874
273.0 40 214 13 27 94 121 40 656 13 495 415 54 161 13 576 1567 187 13 228 1714 13 54 27 348 576 13 428 616 13 603 80 161 9573
274.0 39 208 13 26 91 117 39 636 13 480 402 52 156 13 558 1519 182 13 221 1662 13 52 26 338 558 13 415 597 13 584 78 156 9282
275.0 38 201 13 25 88 113 38 617 13 466 390 50 151 13 541 1473 176 13 214 1611 13 50 25 327 541 13 403 579 13 566 76 151 8999
276.0 37 195 12 24 85 110 37 598 12 452 378 49 146 12 525 1428 171 12 207 1562 12 49 24 317 525 12 391 561 12 549 73 146 8725
277.0 35 189 12 24 83 106 35 580 12 438 367 47 142 12 509 1384 166 12 201 1515 12 47 24 308 509 12 379 544 12 532 71 142 8460
278.0 34 184 11 23 80 103 34 562 11 424 356 46 138 11 493 1342 161 11 195 1468 11 46 23 298 493 11 367 528 11 516 69 138 8203
279.0 33 178 11 22 78 100 33 545 11 412 345 44 133 11 478 1302 156 11 189 1424 11 44 22 289 478 11 356 512 11 501 67 133 7954
280.0 32 173 11 22 76 97 32 529 11 399 334 43 129 11 464 1262 151 11 183 1381 11 43 22 280 464 11 345 496 11 485 65 129 7712
281.0 31 167 10 21 73 94 31 512 10 387 324 42 126 10 450 1224 146 10 178 1339 10 42 21 272 450 10 335 481 10 471 63 126 7478
282.0 30 162 10 20 71 91 30 497 10 375 314 41 122 10 436 1187 142 10 172 1298 10 41 20 264 436 10 325 466 10 456 61 122 7251
283.0 30 157 10 20 69 89 30 482 10 364 305 39 118 10 423 1151 138 10 167 1259 10 39 20 256 423 10 315 452 10 443 59 118 7031
284.0 29 153 10 19 67 86 29 467 10 353 296 38 114 10 410 1116 133 10 162 1221 10 38 19 248 410 10 305 439 10 429 57 114 6818
285.0 28 148 9 18 65 83 28 453 9 342 287 37 111 9 398 1082 129 9 157 1184 9 37 18 240 398 9 296 425 9 416 55 111 6611
286.0 27 143 9 18 63 81 27 439 9 332 278 36 108 9 386 1049 126 9 152 1148 9 36 18 233 386 9 287 412 9 403 54 108 6411
287.0 26 139 9 17 61 78 26 426 9 322 270 35 104 9 374 1017 122 9 148 1113 9 35 17 226 374 9 278 400 9 391 52 104 6217
288.0 25 135 8 17 59 76 25 413 8 312 261 34 101 8 363 987 118 8 143 1079 8 34 17 219 363 8 270 388 8 379 51 101 6029
289.0 25 131 8 16 57 74 25 401 8 303 253 33 98 8 352 957 114 8 139 1047 8 33 16 213 352 8 262 376 8 368 49 98 5846
290.0 24 127 8 16 56 71 24 389 8 293 246 32 95 8 341 928 111 8 135 1015 8 32 16 206 341 8 254 365 8 357 48 95 5670
291.0 23 123 8 15 54 69 23 377 8 285 238 31 92 8 331 900 108 8 131 984 8 31 15 200 331 8 246 354 8 346 46 92 5498
292.0 22 119 7 15 52 67 22 365 7 276 231 30 89 7 321 873 104 7 127 955 7 30 15 194 321 7 239 343 7 336 45 89 5333
293.0 22 116 7 14 51 65 22 354 7 268 224 29 87 7 311 846 101 7 123 926 7 29 14 188 311 7 231 333 7 325 43 87 5172
294.0 21 112 7 14 49 63 21 344 7 260 217 28 84 7 302 821 98 7 119 898 7 28 14 182 302 7 224 323 7 316 42 84 5016
295.0 20 109 7 14 48 61 20 333 7 252 211 27 82 7 293 796 95 7 116 871 7 27 14 177 293 7 218 313 7 306 41 82 4864
296.0 20 106 7 13 46 59 20 323 7 244 205 26 79 7 284 772 92 7 112 845 7 26 13 172 284 7 211 304 7 297 40 79 4717
297.0 19 102 6 13 45 58 19 314 6 237 198 26 77 6 275 749 90 6 109 819 6 26 13 166 275 6 205 294 6 288 38 77 4575
298.0 19 99 6 12 43 56 19 304 6 230 192 25 74 6 267 726 87 6 105 794 6 25 12 161 267 6 199 285 6 279 37 74 4437
299.0 18 96 6 12 42 54 18 295 6 223 187 24 72 6 259 704 84 6 102 770 6 24 12 156 259 6 193 277 6 271 36 72 4303
300.0 18 93 6 12 41 53 18 286 6 216 181 23 70 6 251 683 82 6 99 747 6 23 12 152 251 6 187 268 6 263 35 70 4173
301.0 17 91 6 11 40 51 17 277 6 209 175 23 68 6 243 662 79 6 96 725 6 23 11 147 243 6 181 260 6 255 34 68 4047
302.0 16 88 5 11 38 49 16 269 5 203 170 22 66 5 236 642 77 5 93 703 5 22 11 143 236 5 176 253 5 247 33 66 3925
303.0 16 85 5 11 37 48 16 261 5 197 165 21 64 5 229 623 75 5 91 682 5 21 11 138 229 5 170 245 5 240 32 64 3807
304.0 15 83 5 10 36 46 15 253 5 191 160 21 62 5 222 604 72 5 88 661 5 21 10 134 222 5 165 238 5 232 31 62 3692
305.0 15 80 5 10 35 45 15 245 5 185 155 20 60 5 215 586 70 5 85 641 5 20 10 130 215 5 160 230 5 225 30 60 3581
306.0 15 78 5 10 34 44 15 238 5 180 151 19 58 5 209 568 68 5 83 622 5 19 10 126 209 5 155 223 5 219 29 58 3473
307.0 14 75 5 9 33 42 14 231 5 174 146 19 57 5 203 551 66 5 80 603 5 19 9 122 203 5 151 217 5 212 28 57 3369
308.0 14 73 5 9 32 41 14 224 5 169 142 18 55 5 196 535 64 5 78 585 5 18 9 119 196 5 146 210 5 206 27 55 3267
309.0 13 71 4 9 31 40 13 217 4 164 137 18 53 4 191 519 62 4 75 567 4 18 9 115 191 4 142 204 4 199 27 53 3169
310.0 13 69 4 9 30 39 13 211 4 159 133 17 52 4 185 503 60 4 73 550 4 17 9 112 185 4 138 198 4 193 26 52 3073
311.0 13 67 4 8 29 38 13 204 4 154 129 17 50 4 179 488 58 4 71 534 4 17 8 108 179 4 133 192 4 188 25 50 2981
312.0 12 65 4 8 28 36 12 198 4 150 125 16 49 4 174 473 57 4 69 518 4 16 8 105 174 4 129 186 4 182 24 49 2891
313.0 12 63 4 8 27 35 12 192 4 145 122 16 47 4 169 459 55 4 67 502 4 16 8 102 169 4 126 180 4 177 24 47 2804
314.0 11 61 4 8 27 34 11 186 4 141 118 15 46 4 164 445 53 4 65 487 4 15 8 99 164 4 122 175 4 171 23 46 2720
315.0 11 59 4 7 26 33 11 181 4 137 114 15 44 4 159 432 52 4 63 472 4 15 7 96 159 4 118 170 4 166 22 44 2638
316.0 11 57 4 7 25 32 11 175 4 132 111 14 43 4 154 419 50 4 61 458 4 14 7 93 154 4 115 165 4 161 21 43 2559
317.0 10 56 3 7 24 31 10 170 3 128 108 14 42 3 149 406 49 3 59 444 3 14 7 90 149 3 111 160 3 156 21 42 2482
318.0 10 54 3 7 24 30 10 165 3 125 104 13 40 3 145 394 47 3 57 431 3 13 7 88 145 3 108 155 3 152 20 40 2408
319.0 10 52 3 7 23 29 10 160 3 121 101 13 39 3 140 382 46 3 56 418 3 13 7 85 140 3 105 150 3 147 20 39 2335
320.0 10 51 3 6 22 29 10 155 3 117 98 13 38 3 136 371 44 3 54 406 3 13 6 82 136 3 101 146 3 143 19 38 2265
321.0 9 49 3 6 22 28 9 151 3 114 95 12 37 3 132 360 43 3 52 393 3 12 6 80 132 3 98 141 3 138 18 37 2197
322.0 9 48 3 6 21 27 9 146 3 110 92 12 36 3 128 349 42 3 51 382 3 12 6 78 128 3 95 137 3 134 18 36 2131
323.0 9 46 3 6 20 26 9 142 3 107 90 12 35 3 124 338 40 3 49 370 3 12 6 75 124 3 93 133 3 130 17 35 2068
324.0 8 45 3 6 20 25 8 137 3 104 87 11 34 3 121 328 39 3 48 359 3 11 6 73 121 3 90 129 3 126 17 34 2006
325.0 8 44 3 5 19 24 8 133 3 101 84 11 33 3 117 318 38 3 46 348 3 11 5 71 117 3 87 125 3 122 16 33 1945
326.0 8 42 3 5 18 24 8 129 3 98 82 11 32 3 113 309 37 3 45 338 3 11 5 69 113 3 84 121 3 119 16 32 1887
327.0 8 41 3 5 18 23 8 125 3 95 79 10 31 3 110 300 36 3 44 328 3 10 5 67 110 3 82 118 3 115 15 31 1831
328.0 7 40 2 5 17 22 7 122 2 92 77 10 30 2 107 291 35 2 42 318 2 10 5 65 107 2 79 114 2 112 15 30 1776
329.0 7 39 2 5 17 22 7 118 2 89 75 10 29 2 104 282 34 2 41 308 2 10 5 63 104 2 77 111 2 108 14 29 1723
330.0 7 37 2 5 16 21 7 115 2 86 72 9 28 2 100 273 33 2 40 299 2 9 5 61 100 2 75 107 2 105 14 28 1671
331.0 7 36 2 5 16 20 7 111 2 84 70 9 27 2 97 265 32 2 39 290 2 9 5 59 97 2 73 104 2 102 14 27 1621
332.0 7 35 2 4 15 20 7 108 2 81 68 9 26 2 95 257 31 2 37 281 2 9 4 57 95 2 70 101 2 99 13 26 1572
333.0 6 34 2 4 15 19 6 105 2 79 66 9 26 2 92 250 30 2 36 273 2 9 4 55 92 2 68 98 2 96 13 26 1525
334.0 6 33 2 4 14 19 6 101 2 77 64 8 25 2 89 242 29 2 35 265 2 8 4 54 89 2 66 95 2 93 12 25 1480
335.0 6 32 2 4 14 18 6 98 2 74 62 8 24 2 86 235 28 2 34 257 2 8 4 52 86 2 64 92 2 90 12 24 1435
336.0 6 31 2 4 14 18 6 95 2 72 60 8 23 2 84 228 27 2 33 249 2 8 4 51 84 2 62 90 2 88 12 23 1392
337.0 6 30 2 4 13 17 6 93 2 70 59 8 23 2 81 221 26 2 32 242 2 8 4 49 81 2 60 87 2 85 11 23 1351
338.0 5 29 2 4 13 16 5 90 2 68 57 7 22 2 79 214 26 2 31 235 2 7 4 48 79 2 59 84 2 82 11 22 1310
339.0 5 28 2 4 12 16 5 87 2 66 55 7 21 2 76 208 25 2 30 228 2 7 4 46 76 2 57 82 2 80 11 21 1271
340.0 5 28 2 3 12 16 5 85 2 64 53 7 21 2 74 202 24 2 29 221 2 7 3 45 74 2 55 79 2 78 10 21 1233
341.0 5 27 2 3 12 15 5 82 2 62 52 7 20 2 72 196 23 2 28 214 2 7 3 43 72 2 54 77 2 75 10 20 1196
342.0 5 26 2 3 11 15 5 80 2 60 50 6 19 2 70 190 23 2 28 208 2 6 3 42 70 2 52 75 2 73 10 19 1160
343.0 5 25 2 3 11 14 5 77 2 58 49 6 19 2 68 184 22 2 27 202 2 6 3 41 68 2 50 72 2 71 9 19 1126
344.0 5 24 2 3 11 14 5 75 2 57 47 6 18 2 66 179 21 2 26 196 2 6 3 40 66 2 49 70 2 69 9 18 1092
345.0 4 24 1 3 10 13 4 73 1 55 46 6 18 1 64 173 21 1 25 190 1 6 3 39 64 1 47 68 1 67 9 18 1060
346.0 4 23 1 3 10 13 4 70 1 53 45 6 17 1 62 168 20 1 24 184 1 6 3 37 62 1 46 66 1 65 9 17 1028
347.0 4 22 1 3 10 13 4 68 1 52 43 6 17 1 60 163 20 1 24 179 1 6 3 36 60 1 45 64 1 63 8 17 997
348.0 4 22 1 3 9 12 4 66 1 50 42 5 16 1 58 158 19 1 23 173 1 5 3 35 58 1 43 62 1 61 8 16 967
349.0 4 21 1 3 9 12 4 64 1 49 41 5 16 1 56 154 18 1 22 168 1 5 3 34 56 1 42 60 1 59 8 16 939
350.0 4 20 1 3 9 11 4 62 1 47 39 5 15 1 55 149 18 1 22 163 1 5 3 33 55 1 41 59 1 57 8 15 910
351.0 4 20 1 2 9 11 4 61 1 46 38 5 15 1 53 145 17 1 21 158 1 5 2 32 53 1 40 57 1 56 7 15 883
352.0 4 19 1 2 8 11 4 59 1 44 37 5 14 1 52 140 17 1 20 153 1 5 2 31 52 1 38 55 1 54 7 14 857
353.0 3 19 1 2 8 10 3 57 1 43 36 5 14 1 50 136 16 1 20 149 1 5 2 30 50 1 37 53 1 52 7 14 831
354.0 3 18 1 2 8 10 3 55 1 42 35 5 14 1 49 132 16 1 19 144 1 5 2 29 49 1 36 52 1 51 7 14 807
355.0 3 18 1 2 8 10 3 54 1 40 34 4 13 1 47 128 15 1 19 140 1 4 2 28 47 1 35 50 1 49 7 13 783
356.0 3 17 1 2 7 10 3 52 1 39 33 4 13 1 46 124 15 1 18 136 1 4 2 28 46 1 34 49 1 48 6 13 759
357.0 3 16 1 2 7 9 3 50 1 38 32 4 12 1 44 121 14 1 18 132 1 4 2 27 44 1 33 47 1 46 6 12 737
358.0 3 16 1 2 7 9 3 49 1 37 31 4 12 1 43 117 14 1 17 128 1 4 2 26 43 1 32 46 1 45 6 12 715
359.0 3 16 1 2 7 9 3 48 1 36 30 4 12 1 42 113 14 1 16 124 1 4 2 25 42 1 31 45 1 44 6 12 693
360.0 3 15 1 2 7 8 3 46 1 35 29 4 11 1 40 110 13 1 16 120 1 4 2 24 40 1 30 43 1 42 6 11 673
361.0 3 15 1 2 6 8 3 45 1 34 28 4 11 1 39 107 13 1 16 117 1 4 2 24 39 1 29 42 1 41 5 11 653
362.0 3 14 1 2 6 8 3 43 1 33 27 4 11 1 38 104 12 1 15 113 1 4 2 23 38 1 28 41 1 40 5 11 633
363.0 3 14 1 2 6 8 3 42 1 32 27 3 10 1 37 101 12 1 15 110 1 3 2 22 37 1 27 40 1 39 5 10 614
364.0 3 13 1 2 6 8 3 41 1 31 26 3 10 1 36 98 12 1 14 107 1 3 2 22 36 1 27 38 1 38 5 10 596
365.0 2 13 1 2 6 7 2 40 1 30 25 3 10 1 35 95 11 1 14 104 1 3 2 21 35 1 26 37 1 36 5 10 578
