Covid-19 Nucleation Estimated by PSD Model @ CDS/IISc
Day AN AP AR AS BR CH CT DL GA GJ HR HP JK JH KA KL LA LD MP MH MN OR PY PB RJ SK TN TG TR UP UT WB Total
0.0 0 0 0 0 0 0 0 0 0 0 0 0 0 0 0 0 0 0 0 0 0 0 0 0 0 0 0 0 0 0 0 0 0
1.0 1 4 0 1 2 2 1 12 0 9 8 1 3 0 11 30 4 0 4 33 0 1 1 7 11 0 8 12 0 11 2 3 182
2.0 1 4 0 0 2 2 1 11 0 9 7 1 3 0 10 27 3 0 4 29 0 1 0 6 10 0 7 11 0 10 1 3 164
3.0 1 4 0 0 2 2 1 11 0 9 7 1 3 0 10 27 3 0 4 30 0 1 0 6 10 0 7 11 0 11 1 3 167
4.0 1 4 0 1 2 2 1 12 0 9 8 1 3 0 11 30 4 0 4 33 0 1 1 7 11 0 8 12 0 11 2 3 182
5.0 1 5 0 1 2 3 1 14 0 10 9 1 3 0 12 33 4 0 5 36 0 1 1 7 12 0 9 13 0 13 2 3 203
6.0 1 5 0 1 2 3 1 16 0 12 10 1 4 0 14 37 4 0 5 41 0 1 1 8 14 0 10 15 0 14 2 4 229
7.0 1 6 0 1 3 3 1 18 0 13 11 1 4 0 15 42 5 0 6 46 0 1 1 9 15 0 12 17 0 16 2 4 258
8.0 1 6 0 1 3 4 1 20 0 15 13 2 5 0 17 48 6 0 7 52 0 2 1 11 17 0 13 19 0 18 2 5 290
9.0 1 7 0 1 3 4 1 22 0 17 14 2 5 0 20 53 6 0 8 58 0 2 1 12 20 0 15 21 0 21 3 5 327
10.0 2 8 1 1 4 5 2 25 1 19 16 2 6 1 22 60 7 1 9 66 1 2 1 13 22 1 16 24 1 23 3 6 367
11.0 2 9 1 1 4 5 2 28 1 21 18 2 7 1 25 67 8 1 10 74 1 2 1 15 25 1 18 26 1 26 3 7 411
12.0 2 10 1 1 5 6 2 32 1 24 20 3 8 1 28 75 9 1 11 82 1 3 1 17 28 1 21 30 1 29 4 8 460
13.0 2 12 1 1 5 6 2 35 1 27 22 3 9 1 31 84 10 1 12 92 1 3 1 19 31 1 23 33 1 32 4 9 514
14.0 2 13 1 2 6 7 2 39 1 30 25 3 10 1 35 94 11 1 14 103 1 3 2 21 35 1 26 37 1 36 5 10 574
15.0 3 14 1 2 6 8 3 44 1 33 28 4 11 1 38 105 13 1 15 114 1 4 2 23 38 1 29 41 1 40 5 11 639
16.0 3 16 1 2 7 9 3 48 1 36 30 4 12 1 42 115 14 1 17 126 1 4 2 26 42 1 31 45 1 44 6 12 702
17.0 3 17 1 2 7 10 3 52 1 39 33 4 13 1 46 124 15 1 18 136 1 4 2 28 46 1 34 49 1 48 6 13 760
18.0 3 18 1 2 8 10 3 56 1 42 35 5 14 1 49 134 16 1 19 146 1 5 2 30 49 1 37 53 1 51 7 14 818
19.0 4 20 1 2 9 11 4 60 1 45 38 5 15 1 53 143 17 1 21 156 1 5 2 32 53 1 39 56 1 55 7 15 874
20.0 4 21 1 3 9 12 4 64 1 48 40 5 16 1 56 152 18 1 22 166 1 5 3 34 56 1 41 60 1 58 8 16 927
21.0 4 22 1 3 10 12 4 67 1 51 42 5 16 1 59 160 19 1 23 175 1 5 3 36 59 1 44 63 1 62 8 16 977
22.0 4 23 1 3 10 13 4 69 1 52 44 6 17 1 61 166 20 1 24 182 1 6 3 37 61 1 45 65 1 64 9 17 1014
23.0 5 24 2 3 11 14 5 74 2 56 47 6 18 2 65 178 21 2 26 194 2 6 3 39 65 2 49 70 2 68 9 18 1085
24.0 5 26 2 3 11 15 5 79 2 60 50 6 19 2 69 189 23 2 27 207 2 6 3 42 69 2 52 74 2 73 10 19 1154
25.0 5 27 2 3 12 15 5 84 2 63 53 7 21 2 74 200 24 2 29 219 2 7 3 44 74 2 55 79 2 77 10 21 1224
26.0 5 29 2 4 13 16 5 89 2 67 56 7 22 2 78 212 25 2 31 232 2 7 4 47 78 2 58 83 2 82 11 22 1295
27.0 6 31 2 4 13 17 6 94 2 71 59 8 23 2 82 224 27 2 33 245 2 8 4 50 82 2 61 88 2 86 11 23 1370
28.0 6 32 2 4 14 18 6 99 2 75 63 8 24 2 87 237 28 2 34 259 2 8 4 53 87 2 65 93 2 91 12 24 1446
29.0 6 34 2 4 15 19 6 105 2 79 66 9 26 2 92 250 30 2 36 273 2 9 4 55 92 2 68 98 2 96 13 26 1526
30.0 7 36 2 4 16 20 7 110 2 83 70 9 27 2 97 263 31 2 38 288 2 9 4 58 97 2 72 103 2 101 13 27 1608
31.0 7 38 2 5 17 21 7 116 2 88 73 9 28 2 102 277 33 2 40 303 2 9 5 62 102 2 76 109 2 106 14 28 1692
32.0 7 40 2 5 17 22 7 122 2 92 77 10 30 2 107 291 35 2 42 318 2 10 5 65 107 2 80 114 2 112 15 30 1777
33.0 8 42 3 5 18 23 8 128 3 97 81 10 31 3 112 305 37 3 44 334 3 10 5 68 112 3 83 120 3 117 16 31 1865
34.0 8 44 3 5 19 25 8 134 3 101 85 11 33 3 117 320 38 3 46 350 3 11 5 71 117 3 87 126 3 123 16 33 1954
35.0 9 46 3 6 20 26 9 140 3 106 89 11 34 3 123 334 40 3 49 366 3 11 6 74 123 3 91 131 3 129 17 34 2043
36.0 9 48 3 6 21 27 9 146 3 110 92 12 36 3 128 349 42 3 51 382 3 12 6 78 128 3 95 137 3 134 18 36 2133
37.0 9 49 3 6 22 28 9 151 3 114 96 12 37 3 133 361 43 3 53 395 3 12 6 80 133 3 99 142 3 139 19 37 2209
38.0 10 51 3 6 22 29 10 155 3 117 98 13 38 3 136 371 44 3 54 406 3 13 6 82 136 3 101 146 3 143 19 38 2266
39.0 10 52 3 6 23 29 10 159 3 120 101 13 39 3 139 379 45 3 55 415 3 13 6 84 139 3 104 149 3 146 19 39 2318
40.0 10 53 3 7 23 30 10 162 3 122 102 13 40 3 142 387 46 3 56 423 3 13 7 86 142 3 106 152 3 149 20 40 2362
41.0 10 54 3 7 23 30 10 164 3 124 104 13 40 3 144 392 47 3 57 429 3 13 7 87 144 3 107 154 3 151 20 40 2397
42.0 10 54 3 7 24 30 10 166 3 125 105 14 41 3 146 396 47 3 58 433 3 14 7 88 146 3 108 156 3 152 20 41 2421
43.0 10 54 3 7 24 31 10 167 3 126 106 14 41 3 146 398 48 3 58 436 3 14 7 89 146 3 109 157 3 153 20 41 2435
44.0 10 55 3 7 24 31 10 167 3 126 106 14 41 3 147 399 48 3 58 437 3 14 7 89 147 3 109 157 3 153 20 41 2438
45.0 10 54 3 7 24 31 10 167 3 126 105 14 41 3 146 398 48 3 58 435 3 14 7 88 146 3 109 156 3 153 20 41 2431
46.0 10 54 3 7 24 30 10 165 3 125 105 14 41 3 145 395 47 3 57 432 3 14 7 88 145 3 108 155 3 152 20 41 2414
47.0 10 53 3 7 23 30 10 163 3 123 103 13 40 3 143 390 47 3 57 427 3 13 7 87 143 3 107 153 3 150 20 40 2386
48.0 10 53 3 7 23 30 10 161 3 122 102 13 39 3 141 384 46 3 56 420 3 13 7 85 141 3 105 151 3 148 20 39 2348
49.0 10 52 3 6 23 29 10 158 3 119 100 13 39 3 138 377 45 3 55 412 3 13 6 84 138 3 103 148 3 145 19 39 2301
50.0 9 50 3 6 22 28 9 154 3 116 97 13 38 3 135 368 44 3 53 402 3 13 6 82 135 3 101 145 3 141 19 38 2246
51.0 9 49 3 6 21 27 9 150 3 113 95 12 37 3 131 357 43 3 52 391 3 12 6 79 131 3 98 140 3 137 18 37 2183
52.0 9 48 3 6 21 27 9 146 3 111 93 12 36 3 128 350 42 3 51 382 3 12 6 78 128 3 96 137 3 134 18 36 2136
53.0 9 47 3 6 21 27 9 144 3 109 91 12 35 3 127 345 41 3 50 377 3 12 6 77 127 3 94 136 3 133 18 35 2107
54.0 9 46 3 6 20 26 9 142 3 107 90 12 35 3 125 339 41 3 49 371 3 12 6 75 125 3 93 133 3 131 17 35 2074
55.0 9 46 3 6 20 26 9 140 3 106 88 11 34 3 123 334 40 3 48 365 3 11 6 74 123 3 91 131 3 128 17 34 2039
56.0 8 45 3 6 20 25 8 137 3 104 87 11 34 3 121 328 39 3 48 359 3 11 6 73 121 3 90 129 3 126 17 34 2004
57.0 8 44 3 6 19 25 8 135 3 102 85 11 33 3 118 322 39 3 47 352 3 11 6 72 118 3 88 127 3 124 17 33 1968
58.0 8 43 3 5 19 24 8 132 3 100 84 11 32 3 116 316 38 3 46 346 3 11 5 70 116 3 86 124 3 122 16 32 1932
59.0 8 42 3 5 19 24 8 130 3 98 82 11 32 3 114 310 37 3 45 339 3 11 5 69 114 3 85 122 3 119 16 32 1896
60.0 8 42 3 5 18 23 8 127 3 96 81 10 31 3 112 304 36 3 44 333 3 10 5 68 112 3 83 120 3 117 16 31 1860
61.0 8 41 3 5 18 23 8 125 3 94 79 10 31 3 110 298 36 3 43 326 3 10 5 66 110 3 82 117 3 115 15 31 1823
62.0 7 40 2 5 17 22 7 122 2 92 77 10 30 2 107 292 35 2 42 320 2 10 5 65 107 2 80 115 2 112 15 30 1786
63.0 7 39 2 5 17 22 7 120 2 90 76 10 29 2 105 286 34 2 42 313 2 10 5 64 105 2 78 112 2 110 15 29 1748
64.0 7 38 2 5 17 22 7 117 2 88 74 10 29 2 103 280 33 2 41 306 2 10 5 62 103 2 77 110 2 108 14 29 1709
65.0 7 37 2 5 16 21 7 114 2 86 72 9 28 2 100 273 33 2 40 299 2 9 5 61 100 2 75 107 2 105 14 28 1670
66.0 7 36 2 5 16 21 7 112 2 84 71 9 27 2 98 267 32 2 39 292 2 9 5 59 98 2 73 105 2 103 14 27 1630
67.0 7 36 2 4 16 20 7 109 2 82 69 9 27 2 96 260 31 2 38 285 2 9 4 58 96 2 71 102 2 100 13 27 1590
68.0 6 35 2 4 15 19 6 106 2 80 67 9 26 2 93 253 30 2 37 277 2 9 4 56 93 2 69 100 2 97 13 26 1549
69.0 6 34 2 4 15 19 6 103 2 78 65 8 25 2 91 247 30 2 36 270 2 8 4 55 91 2 67 97 2 95 13 25 1507
70.0 6 33 2 4 14 18 6 100 2 76 64 8 25 2 88 240 29 2 35 262 2 8 4 53 88 2 66 94 2 92 12 25 1465
71.0 6 32 2 4 14 18 6 98 2 74 62 8 24 2 86 233 28 2 34 255 2 8 4 52 86 2 64 92 2 90 12 24 1423
72.0 6 31 2 4 14 17 6 95 2 71 60 8 23 2 83 226 27 2 33 247 2 8 4 50 83 2 62 89 2 87 12 23 1381
73.0 6 30 2 4 13 17 6 92 2 69 58 7 22 2 80 219 26 2 32 240 2 7 4 49 80 2 60 86 2 84 11 22 1338
74.0 5 29 2 4 13 16 5 89 2 67 56 7 22 2 78 212 25 2 31 232 2 7 4 47 78 2 58 83 2 82 11 22 1295
75.0 5 28 2 4 12 16 5 86 2 65 54 7 21 2 75 205 25 2 30 224 2 7 4 46 75 2 56 81 2 79 11 21 1252
76.0 5 27 2 3 12 15 5 84 2 63 53 7 20 2 73 200 24 2 29 219 2 7 3 44 73 2 55 79 2 77 10 20 1221
77.0 5 27 2 3 12 15 5 82 2 62 52 7 20 2 72 196 23 2 29 215 2 7 3 44 72 2 54 77 2 76 10 20 1200
78.0 5 26 2 3 12 15 5 81 2 61 51 7 20 2 71 193 23 2 28 211 2 7 3 43 71 2 53 76 2 74 10 20 1179
79.0 5 26 2 3 11 15 5 80 2 60 50 6 19 2 70 190 23 2 28 208 2 6 3 42 70 2 52 75 2 73 10 19 1160
80.0 5 26 2 3 11 14 5 78 2 59 50 6 19 2 69 187 22 2 27 204 2 6 3 42 69 2 51 73 2 72 10 19 1142
81.0 5 25 2 3 11 14 5 77 2 58 49 6 19 2 68 184 22 2 27 201 2 6 3 41 68 2 50 72 2 71 9 19 1125
82.0 5 25 2 3 11 14 5 76 2 57 48 6 19 2 67 182 22 2 26 199 2 6 3 40 67 2 50 71 2 70 9 19 1110
83.0 5 25 2 3 11 14 5 75 2 57 47 6 18 2 66 179 21 2 26 196 2 6 3 40 66 2 49 70 2 69 9 18 1095
84.0 5 24 2 3 11 14 5 74 2 56 47 6 18 2 65 177 21 2 26 194 2 6 3 39 65 2 48 70 2 68 9 18 1082
85.0 4 24 1 3 10 13 4 73 1 55 46 6 18 1 64 175 21 1 25 191 1 6 3 39 64 1 48 69 1 67 9 18 1069
86.0 4 24 1 3 10 13 4 72 1 55 46 6 18 1 64 173 21 1 25 189 1 6 3 38 64 1 47 68 1 67 9 18 1057
87.0 4 23 1 3 10 13 4 72 1 54 45 6 18 1 63 171 20 1 25 187 1 6 3 38 63 1 47 67 1 66 9 18 1045
88.0 4 23 1 3 10 13 4 71 1 54 45 6 17 1 62 169 20 1 25 185 1 6 3 38 62 1 46 67 1 65 9 17 1034
89.0 4 23 1 3 10 13 4 70 1 53 44 6 17 1 62 167 20 1 24 183 1 6 3 37 62 1 46 66 1 64 9 17 1023
90.0 4 23 1 3 10 13 4 69 1 52 44 6 17 1 61 166 20 1 24 181 1 6 3 37 61 1 45 65 1 64 9 17 1013
91.0 4 22 1 3 10 13 4 69 1 52 43 6 17 1 60 164 20 1 24 180 1 6 3 36 60 1 45 65 1 63 8 17 1003
92.0 4 22 1 3 10 13 4 68 1 51 43 6 17 1 60 163 19 1 24 178 1 6 3 36 60 1 44 64 1 63 8 17 993
93.0 4 22 1 3 10 12 4 67 1 51 43 6 17 1 59 161 19 1 23 176 1 6 3 36 59 1 44 63 1 62 8 17 984
94.0 4 22 1 3 10 12 4 67 1 50 42 5 16 1 59 159 19 1 23 174 1 5 3 35 59 1 44 63 1 61 8 16 975
95.0 4 22 1 3 9 12 4 66 1 50 42 5 16 1 58 158 19 1 23 173 1 5 3 35 58 1 43 62 1 61 8 16 965
96.0 4 21 1 3 9 12 4 66 1 49 41 5 16 1 58 157 19 1 23 171 1 5 3 35 58 1 43 62 1 60 8 16 956
97.0 4 21 1 3 9 12 4 65 1 49 41 5 16 1 57 155 19 1 23 170 1 5 3 34 57 1 42 61 1 60 8 16 948
98.0 4 21 1 3 9 12 4 64 1 49 41 5 16 1 56 154 18 1 22 168 1 5 3 34 56 1 42 60 1 59 8 16 939
99.0 4 21 1 3 9 12 4 64 1 48 40 5 16 1 56 152 18 1 22 167 1 5 3 34 56 1 42 60 1 59 8 16 930
100.0 4 21 1 3 9 12 4 63 1 48 40 5 15 1 55 151 18 1 22 165 1 5 3 34 55 1 41 59 1 58 8 15 922
101.0 4 20 1 3 9 12 4 63 1 47 40 5 15 1 55 150 18 1 22 164 1 5 3 33 55 1 41 59 1 58 8 15 914
102.0 4 20 1 3 9 11 4 62 1 47 39 5 15 1 54 148 18 1 22 162 1 5 3 33 54 1 41 58 1 57 8 15 906
103.0 4 20 1 3 9 11 4 62 1 46 39 5 15 1 54 147 18 1 21 161 1 5 3 33 54 1 40 58 1 56 8 15 897
104.0 4 20 1 2 9 11 4 61 1 46 39 5 15 1 53 146 17 1 21 159 1 5 2 32 53 1 40 57 1 56 7 15 889
105.0 4 20 1 2 9 11 4 60 1 46 38 5 15 1 53 144 17 1 21 158 1 5 2 32 53 1 39 57 1 55 7 15 882
106.0 4 20 1 2 9 11 4 60 1 45 38 5 15 1 53 143 17 1 21 156 1 5 2 32 53 1 39 56 1 55 7 15 874
107.0 4 19 1 2 8 11 4 59 1 45 38 5 15 1 52 142 17 1 21 155 1 5 2 31 52 1 39 56 1 55 7 15 866
108.0 4 19 1 2 8 11 4 59 1 44 37 5 14 1 52 140 17 1 20 154 1 5 2 31 52 1 38 55 1 54 7 14 858
109.0 4 19 1 2 8 11 4 58 1 44 37 5 14 1 51 139 17 1 20 152 1 5 2 31 51 1 38 55 1 54 7 14 851
110.0 4 19 1 2 8 11 4 58 1 44 37 5 14 1 51 138 17 1 20 151 1 5 2 31 51 1 38 54 1 53 7 14 843
111.0 4 19 1 2 8 11 4 57 1 43 36 5 14 1 50 137 16 1 20 150 1 5 2 30 50 1 37 54 1 53 7 14 836
112.0 3 19 1 2 8 10 3 57 1 43 36 5 14 1 50 136 16 1 20 148 1 5 2 30 50 1 37 53 1 52 7 14 829
113.0 3 18 1 2 8 10 3 56 1 42 36 5 14 1 49 134 16 1 20 147 1 5 2 30 49 1 37 53 1 52 7 14 821
114.0 3 18 1 2 8 10 3 56 1 42 35 5 14 1 49 133 16 1 19 146 1 5 2 30 49 1 36 52 1 51 7 14 814
115.0 3 18 1 2 8 10 3 55 1 42 35 5 14 1 49 132 16 1 19 144 1 5 2 29 49 1 36 52 1 51 7 14 807
116.0 3 18 1 2 8 10 3 55 1 41 35 4 13 1 48 131 16 1 19 143 1 4 2 29 48 1 36 51 1 50 7 13 800
117.0 3 18 1 2 8 10 3 54 1 41 34 4 13 1 48 130 16 1 19 142 1 4 2 29 48 1 35 51 1 50 7 13 793
118.0 3 18 1 2 8 10 3 54 1 41 34 4 13 1 47 129 15 1 19 141 1 4 2 29 47 1 35 51 1 49 7 13 786
119.0 3 17 1 2 8 10 3 53 1 40 34 4 13 1 47 127 15 1 19 139 1 4 2 28 47 1 35 50 1 49 7 13 779
120.0 3 17 1 2 8 10 3 53 1 40 33 4 13 1 46 126 15 1 18 138 1 4 2 28 46 1 35 50 1 49 6 13 772
121.0 3 17 1 2 7 10 3 52 1 40 33 4 13 1 46 125 15 1 18 137 1 4 2 28 46 1 34 49 1 48 6 13 766
122.0 3 17 1 2 7 10 3 52 1 39 33 4 13 1 46 124 15 1 18 136 1 4 2 28 46 1 34 49 1 48 6 13 759
123.0 3 17 1 2 7 9 3 52 1 39 33 4 13 1 45 123 15 1 18 135 1 4 2 27 45 1 34 48 1 47 6 13 752
124.0 3 17 1 2 7 9 3 51 1 39 32 4 13 1 45 122 15 1 18 133 1 4 2 27 45 1 33 48 1 47 6 13 746
125.0 3 17 1 2 7 9 3 51 1 38 32 4 12 1 44 121 14 1 18 132 1 4 2 27 44 1 33 48 1 47 6 12 739
126.0 3 16 1 2 7 9 3 50 1 38 32 4 12 1 44 120 14 1 17 131 1 4 2 27 44 1 33 47 1 46 6 12 733
127.0 3 16 1 2 7 9 3 50 1 38 31 4 12 1 44 119 14 1 17 130 1 4 2 26 44 1 33 47 1 46 6 12 726
128.0 3 16 1 2 7 9 3 49 1 37 31 4 12 1 43 118 14 1 17 129 1 4 2 26 43 1 32 46 1 45 6 12 720
129.0 3 16 1 2 7 9 3 49 1 37 31 4 12 1 43 117 14 1 17 128 1 4 2 26 43 1 32 46 1 45 6 12 714
130.0 3 16 1 2 7 9 3 48 1 37 31 4 12 1 43 116 14 1 17 127 1 4 2 26 43 1 32 46 1 45 6 12 708
131.0 3 16 1 2 7 9 3 48 1 36 30 4 12 1 42 115 14 1 17 126 1 4 2 26 42 1 31 45 1 44 6 12 701
132.0 3 16 1 2 7 9 3 48 1 36 30 4 12 1 42 114 14 1 17 124 1 4 2 25 42 1 31 45 1 44 6 12 695
133.0 3 15 1 2 7 9 3 47 1 36 30 4 12 1 41 113 13 1 16 123 1 4 2 25 41 1 31 44 1 43 6 12 689
134.0 3 15 1 2 7 9 3 47 1 35 30 4 11 1 41 112 13 1 16 122 1 4 2 25 41 1 31 44 1 43 6 11 683
135.0 3 15 1 2 7 9 3 46 1 35 29 4 11 1 41 111 13 1 16 121 1 4 2 25 41 1 30 44 1 43 6 11 677
136.0 3 15 1 2 7 8 3 46 1 35 29 4 11 1 40 110 13 1 16 120 1 4 2 24 40 1 30 43 1 42 6 11 672
137.0 3 15 1 2 7 8 3 46 1 34 29 4 11 1 40 109 13 1 16 119 1 4 2 24 40 1 30 43 1 42 6 11 666
138.0 3 15 1 2 6 8 3 45 1 34 29 4 11 1 40 108 13 1 16 118 1 4 2 24 40 1 30 42 1 42 6 11 660
139.0 3 15 1 2 6 8 3 45 1 34 28 4 11 1 39 107 13 1 16 117 1 4 2 24 39 1 29 42 1 41 5 11 654
140.0 3 15 1 2 6 8 3 44 1 34 28 4 11 1 39 106 13 1 15 116 1 4 2 24 39 1 29 42 1 41 5 11 649
141.0 3 14 1 2 6 8 3 44 1 33 28 4 11 1 39 105 13 1 15 115 1 4 2 23 39 1 29 41 1 40 5 11 643
142.0 3 14 1 2 6 8 3 44 1 33 28 4 11 1 38 104 12 1 15 114 1 4 2 23 38 1 29 41 1 40 5 11 637
143.0 3 14 1 2 6 8 3 43 1 33 27 4 11 1 38 103 12 1 15 113 1 4 2 23 38 1 28 41 1 40 5 11 632
144.0 3 14 1 2 6 8 3 43 1 32 27 4 11 1 38 103 12 1 15 112 1 4 2 23 38 1 28 40 1 39 5 11 626
145.0 3 14 1 2 6 8 3 43 1 32 27 3 10 1 37 102 12 1 15 111 1 3 2 23 37 1 28 40 1 39 5 10 621
146.0 3 14 1 2 6 8 3 42 1 32 27 3 10 1 37 101 12 1 15 110 1 3 2 22 37 1 28 40 1 39 5 10 616
147.0 3 14 1 2 6 8 3 42 1 32 26 3 10 1 37 100 12 1 15 109 1 3 2 22 37 1 27 39 1 38 5 10 610
148.0 3 14 1 2 6 8 3 41 1 31 26 3 10 1 36 99 12 1 14 108 1 3 2 22 36 1 27 39 1 38 5 10 605
149.0 3 13 1 2 6 8 3 41 1 31 26 3 10 1 36 98 12 1 14 107 1 3 2 22 36 1 27 39 1 38 5 10 600
150.0 2 13 1 2 6 7 2 41 1 31 26 3 10 1 36 97 12 1 14 106 1 3 2 22 36 1 27 38 1 37 5 10 595
151.0 2 13 1 2 6 7 2 40 1 31 26 3 10 1 35 96 12 1 14 106 1 3 2 21 35 1 26 38 1 37 5 10 589
152.0 2 13 1 2 6 7 2 40 1 30 25 3 10 1 35 96 11 1 14 105 1 3 2 21 35 1 26 38 1 37 5 10 584
153.0 2 13 1 2 6 7 2 40 1 30 25 3 10 1 35 95 11 1 14 104 1 3 2 21 35 1 26 37 1 36 5 10 579
154.0 2 13 1 2 6 7 2 39 1 30 25 3 10 1 35 94 11 1 14 103 1 3 2 21 35 1 26 37 1 36 5 10 574
155.0 2 13 1 2 6 7 2 39 1 29 25 3 10 1 34 93 11 1 14 102 1 3 2 21 34 1 25 37 1 36 5 10 569
156.0 2 13 1 2 6 7 2 39 1 29 24 3 9 1 34 92 11 1 13 101 1 3 2 21 34 1 25 36 1 36 5 9 564
157.0 2 13 1 2 5 7 2 38 1 29 24 3 9 1 34 92 11 1 13 100 1 3 2 20 34 1 25 36 1 35 5 9 560
158.0 2 12 1 2 5 7 2 38 1 29 24 3 9 1 33 91 11 1 13 99 1 3 2 20 33 1 25 36 1 35 5 9 555
159.0 2 12 1 2 5 7 2 38 1 28 24 3 9 1 33 90 11 1 13 98 1 3 2 20 33 1 25 35 1 35 5 9 550
160.0 2 12 1 2 5 7 2 37 1 28 24 3 9 1 33 89 11 1 13 98 1 3 2 20 33 1 24 35 1 34 5 9 545
161.0 2 12 1 2 5 7 2 37 1 28 23 3 9 1 33 88 11 1 13 97 1 3 2 20 33 1 24 35 1 34 5 9 541
162.0 2 12 1 1 5 7 2 37 1 28 23 3 9 1 32 88 10 1 13 96 1 3 1 19 32 1 24 34 1 34 4 9 536
163.0 2 12 1 1 5 7 2 36 1 27 23 3 9 1 32 87 10 1 13 95 1 3 1 19 32 1 24 34 1 33 4 9 531
164.0 2 12 1 1 5 7 2 36 1 27 23 3 9 1 32 86 10 1 13 94 1 3 1 19 32 1 24 34 1 33 4 9 527
165.0 2 12 1 1 5 7 2 36 1 27 23 3 9 1 31 85 10 1 12 93 1 3 1 19 31 1 23 34 1 33 4 9 522
166.0 2 12 1 1 5 7 2 35 1 27 22 3 9 1 31 85 10 1 12 93 1 3 1 19 31 1 23 33 1 33 4 9 518
167.0 2 11 1 1 5 6 2 35 1 27 22 3 9 1 31 84 10 1 12 92 1 3 1 19 31 1 23 33 1 32 4 9 513
168.0 2 11 1 1 5 6 2 35 1 26 22 3 9 1 31 83 10 1 12 91 1 3 1 18 31 1 23 33 1 32 4 9 509
169.0 2 11 1 1 5 6 2 35 1 26 22 3 8 1 30 83 10 1 12 90 1 3 1 18 30 1 23 32 1 32 4 8 504
170.0 2 11 1 1 5 6 2 34 1 26 22 3 8 1 30 82 10 1 12 90 1 3 1 18 30 1 22 32 1 31 4 8 500
171.0 2 11 1 1 5 6 2 34 1 26 21 3 8 1 30 81 10 1 12 89 1 3 1 18 30 1 22 32 1 31 4 8 496
172.0 2 11 1 1 5 6 2 34 1 25 21 3 8 1 30 80 10 1 12 88 1 3 1 18 30 1 22 32 1 31 4 8 491
173.0 2 11 1 1 5 6 2 33 1 25 21 3 8 1 29 80 10 1 12 87 1 3 1 18 29 1 22 31 1 31 4 8 487
174.0 2 11 1 1 5 6 2 33 1 25 21 3 8 1 29 79 9 1 11 86 1 3 1 18 29 1 22 31 1 30 4 8 483
175.0 2 11 1 1 5 6 2 33 1 25 21 3 8 1 29 78 9 1 11 86 1 3 1 17 29 1 21 31 1 30 4 8 479
176.0 2 11 1 1 5 6 2 33 1 25 21 3 8 1 29 78 9 1 11 85 1 3 1 17 29 1 21 31 1 30 4 8 475
177.0 2 11 1 1 5 6 2 32 1 24 20 3 8 1 28 77 9 1 11 84 1 3 1 17 28 1 21 30 1 30 4 8 471
178.0 2 10 1 1 5 6 2 32 1 24 20 3 8 1 28 76 9 1 11 84 1 3 1 17 28 1 21 30 1 29 4 8 467
179.0 2 10 1 1 5 6 2 32 1 24 20 3 8 1 28 76 9 1 11 83 1 3 1 17 28 1 21 30 1 29 4 8 463
180.0 2 10 1 1 4 6 2 31 1 24 20 3 8 1 28 75 9 1 11 82 1 3 1 17 28 1 21 30 1 29 4 8 459
181.0 2 10 1 1 4 6 2 31 1 24 20 3 8 1 27 74 9 1 11 81 1 3 1 17 27 1 20 29 1 29 4 8 455
182.0 2 10 1 1 4 6 2 31 1 23 20 3 8 1 27 74 9 1 11 81 1 3 1 16 27 1 20 29 1 28 4 8 451
183.0 2 10 1 1 4 6 2 31 1 23 19 2 7 1 27 73 9 1 11 80 1 2 1 16 27 1 20 29 1 28 4 7 447
184.0 2 10 1 1 4 6 2 30 1 23 19 2 7 1 27 72 9 1 11 79 1 2 1 16 27 1 20 28 1 28 4 7 443
185.0 2 10 1 1 4 6 2 30 1 23 19 2 7 1 26 72 9 1 10 79 1 2 1 16 26 1 20 28 1 28 4 7 439
186.0 2 10 1 1 4 5 2 30 1 23 19 2 7 1 26 71 9 1 10 78 1 2 1 16 26 1 19 28 1 27 4 7 435
187.0 2 10 1 1 4 5 2 30 1 22 19 2 7 1 26 71 8 1 10 77 1 2 1 16 26 1 19 28 1 27 4 7 432
188.0 2 10 1 1 4 5 2 29 1 22 19 2 7 1 26 70 8 1 10 77 1 2 1 16 26 1 19 28 1 27 4 7 428
189.0 2 9 1 1 4 5 2 29 1 22 18 2 7 1 26 69 8 1 10 76 1 2 1 15 26 1 19 27 1 27 4 7 424
190.0 2 9 1 1 4 5 2 29 1 22 18 2 7 1 25 69 8 1 10 75 1 2 1 15 25 1 19 27 1 26 4 7 421
191.0 2 9 1 1 4 5 2 29 1 22 18 2 7 1 25 68 8 1 10 75 1 2 1 15 25 1 19 27 1 26 3 7 417
192.0 2 9 1 1 4 5 2 28 1 21 18 2 7 1 25 68 8 1 10 74 1 2 1 15 25 1 19 27 1 26 3 7 413
193.0 2 9 1 1 4 5 2 28 1 21 18 2 7 1 25 67 8 1 10 73 1 2 1 15 25 1 18 26 1 26 3 7 410
194.0 2 9 1 1 4 5 2 28 1 21 18 2 7 1 24 66 8 1 10 73 1 2 1 15 24 1 18 26 1 26 3 7 406
195.0 2 9 1 1 4 5 2 28 1 21 17 2 7 1 24 66 8 1 10 72 1 2 1 15 24 1 18 26 1 25 3 7 403
196.0 2 9 1 1 4 5 2 27 1 21 17 2 7 1 24 65 8 1 9 71 1 2 1 15 24 1 18 26 1 25 3 7 399
197.0 2 9 1 1 4 5 2 27 1 20 17 2 7 1 24 65 8 1 9 71 1 2 1 14 24 1 18 25 1 25 3 7 396
198.0 2 9 1 1 4 5 2 27 1 20 17 2 7 1 24 64 8 1 9 70 1 2 1 14 24 1 18 25 1 25 3 7 392
199.0 2 9 1 1 4 5 2 27 1 20 17 2 7 1 23 64 8 1 9 70 1 2 1 14 23 1 17 25 1 24 3 7 389
200.0 2 9 1 1 4 5 2 26 1 20 17 2 6 1 23 63 8 1 9 69 1 2 1 14 23 1 17 25 1 24 3 6 386
201.0 2 9 1 1 4 5 2 26 1 20 17 2 6 1 23 63 7 1 9 68 1 2 1 14 23 1 17 25 1 24 3 6 382
202.0 2 8 1 1 4 5 2 26 1 20 16 2 6 1 23 62 7 1 9 68 1 2 1 14 23 1 17 24 1 24 3 6 379
203.0 2 8 1 1 4 5 2 26 1 19 16 2 6 1 23 62 7 1 9 67 1 2 1 14 23 1 17 24 1 24 3 6 376
204.0 2 8 1 1 4 5 2 26 1 19 16 2 6 1 22 61 7 1 9 67 1 2 1 14 22 1 17 24 1 23 3 6 373
205.0 2 8 1 1 4 5 2 25 1 19 16 2 6 1 22 60 7 1 9 66 1 2 1 13 22 1 17 24 1 23 3 6 369
206.0 2 8 1 1 4 5 2 25 1 19 16 2 6 1 22 60 7 1 9 66 1 2 1 13 22 1 16 24 1 23 3 6 366
207.0 2 8 1 1 4 5 2 25 1 19 16 2 6 1 22 59 7 1 9 65 1 2 1 13 22 1 16 23 1 23 3 6 363
208.0 2 8 1 1 4 5 2 25 1 19 16 2 6 1 22 59 7 1 9 64 1 2 1 13 22 1 16 23 1 23 3 6 360
209.0 1 8 0 1 3 4 1 24 0 18 15 2 6 0 21 58 7 0 8 64 0 2 1 13 21 0 16 23 0 22 3 6 357
210.0 1 8 0 1 3 4 1 24 0 18 15 2 6 0 21 58 7 0 8 63 0 2 1 13 21 0 16 23 0 22 3 6 354
211.0 1 8 0 1 3 4 1 24 0 18 15 2 6 0 21 57 7 0 8 63 0 2 1 13 21 0 16 23 0 22 3 6 351
212.0 1 8 0 1 3 4 1 24 0 18 15 2 6 0 21 57 7 0 8 62 0 2 1 13 21 0 16 22 0 22 3 6 348
213.0 1 8 0 1 3 4 1 24 0 18 15 2 6 0 21 56 7 0 8 62 0 2 1 13 21 0 15 22 0 22 3 6 345
214.0 1 8 0 1 3 4 1 23 0 18 15 2 6 0 21 56 7 0 8 61 0 2 1 12 21 0 15 22 0 22 3 6 342
215.0 1 8 0 1 3 4 1 23 0 18 15 2 6 0 20 55 7 0 8 61 0 2 1 12 20 0 15 22 0 21 3 6 339
216.0 1 8 0 1 3 4 1 23 0 17 15 2 6 0 20 55 7 0 8 60 0 2 1 12 20 0 15 22 0 21 3 6 336
217.0 1 7 0 1 3 4 1 23 0 17 14 2 6 0 20 55 7 0 8 60 0 2 1 12 20 0 15 21 0 21 3 6 333
218.0 1 7 0 1 3 4 1 23 0 17 14 2 6 0 20 54 6 0 8 59 0 2 1 12 20 0 15 21 0 21 3 6 330
219.0 1 7 0 1 3 4 1 22 0 17 14 2 5 0 20 54 6 0 8 59 0 2 1 12 20 0 15 21 0 21 3 5 327
220.0 1 7 0 1 3 4 1 22 0 17 14 2 5 0 20 53 6 0 8 58 0 2 1 12 20 0 15 21 0 20 3 5 325
221.0 1 7 0 1 3 4 1 22 0 17 14 2 5 0 19 53 6 0 8 58 0 2 1 12 19 0 14 21 0 20 3 5 322
222.0 1 7 0 1 3 4 1 22 0 17 14 2 5 0 19 52 6 0 8 57 0 2 1 12 19 0 14 21 0 20 3 5 319
223.0 1 7 0 1 3 4 1 22 0 16 14 2 5 0 19 52 6 0 8 57 0 2 1 12 19 0 14 20 0 20 3 5 316
224.0 1 7 0 1 3 4 1 21 0 16 14 2 5 0 19 51 6 0 7 56 0 2 1 11 19 0 14 20 0 20 3 5 314
225.0 1 7 0 1 3 4 1 21 0 16 13 2 5 0 19 51 6 0 7 56 0 2 1 11 19 0 14 20 0 20 3 5 311
226.0 1 7 0 1 3 4 1 21 0 16 13 2 5 0 19 50 6 0 7 55 0 2 1 11 19 0 14 20 0 19 3 5 308
227.0 1 7 0 1 3 4 1 21 0 16 13 2 5 0 18 50 6 0 7 55 0 2 1 11 18 0 14 20 0 19 3 5 306
228.0 1 7 0 1 3 4 1 21 0 16 13 2 5 0 18 50 6 0 7 54 0 2 1 11 18 0 14 19 0 19 3 5 303
229.0 1 7 0 1 3 4 1 21 0 16 13 2 5 0 18 49 6 0 7 54 0 2 1 11 18 0 13 19 0 19 3 5 300
230.0 1 7 0 1 3 4 1 20 0 15 13 2 5 0 18 49 6 0 7 53 0 2 1 11 18 0 13 19 0 19 2 5 298
231.0 1 7 0 1 3 4 1 20 0 15 13 2 5 0 18 48 6 0 7 53 0 2 1 11 18 0 13 19 0 19 2 5 295
232.0 1 7 0 1 3 4 1 20 0 15 13 2 5 0 18 48 6 0 7 52 0 2 1 11 18 0 13 19 0 18 2 5 293
233.0 1 6 0 1 3 4 1 20 0 15 13 2 5 0 17 47 6 0 7 52 0 2 1 11 17 0 13 19 0 18 2 5 290
234.0 1 6 0 1 3 4 1 20 0 15 12 2 5 0 17 47 6 0 7 51 0 2 1 10 17 0 13 19 0 18 2 5 288
235.0 1 6 0 1 3 4 1 20 0 15 12 2 5 0 17 47 6 0 7 51 0 2 1 10 17 0 13 18 0 18 2 5 285
236.0 1 6 0 1 3 4 1 19 0 15 12 2 5 0 17 46 6 0 7 51 0 2 1 10 17 0 13 18 0 18 2 5 283
237.0 1 6 0 1 3 4 1 19 0 15 12 2 5 0 17 46 5 0 7 50 0 2 1 10 17 0 13 18 0 18 2 5 280
238.0 1 6 0 1 3 3 1 19 0 14 12 2 5 0 17 45 5 0 7 50 0 2 1 10 17 0 12 18 0 17 2 5 278
239.0 1 6 0 1 3 3 1 19 0 14 12 2 5 0 17 45 5 0 7 49 0 2 1 10 17 0 12 18 0 17 2 5 275
240.0 1 6 0 1 3 3 1 19 0 14 12 2 5 0 16 45 5 0 6 49 0 2 1 10 16 0 12 18 0 17 2 5 273
241.0 1 6 0 1 3 3 1 19 0 14 12 2 5 0 16 44 5 0 6 48 0 2 1 10 16 0 12 17 0 17 2 5 271
242.0 1 6 0 1 3 3 1 18 0 14 12 2 5 0 16 44 5 0 6 48 0 2 1 10 16 0 12 17 0 17 2 5 268
243.0 1 6 0 1 3 3 1 18 0 14 12 1 4 0 16 44 5 0 6 48 0 1 1 10 16 0 12 17 0 17 2 4 266
244.0 1 6 0 1 3 3 1 18 0 14 11 1 4 0 16 43 5 0 6 47 0 1 1 10 16 0 12 17 0 17 2 4 264
245.0 1 6 0 1 3 3 1 18 0 14 11 1 4 0 16 43 5 0 6 47 0 1 1 10 16 0 12 17 0 16 2 4 262
246.0 1 6 0 1 3 3 1 18 0 13 11 1 4 0 16 42 5 0 6 46 0 1 1 9 16 0 12 17 0 16 2 4 259
247.0 1 6 0 1 3 3 1 18 0 13 11 1 4 0 15 42 5 0 6 46 0 1 1 9 15 0 12 17 0 16 2 4 257
248.0 1 6 0 1 2 3 1 17 0 13 11 1 4 0 15 42 5 0 6 46 0 1 1 9 15 0 11 16 0 16 2 4 255
249.0 1 6 0 1 2 3 1 17 0 13 11 1 4 0 15 41 5 0 6 45 0 1 1 9 15 0 11 16 0 16 2 4 253
250.0 1 6 0 1 2 3 1 17 0 13 11 1 4 0 15 41 5 0 6 45 0 1 1 9 15 0 11 16 0 16 2 4 251
251.0 1 6 0 1 2 3 1 17 0 13 11 1 4 0 15 41 5 0 6 44 0 1 1 9 15 0 11 16 0 16 2 4 248
252.0 1 6 0 1 2 3 1 17 0 13 11 1 4 0 15 40 5 0 6 44 0 1 1 9 15 0 11 16 0 15 2 4 246
253.0 1 5 0 1 2 3 1 17 0 13 11 1 4 0 15 40 5 0 6 44 0 1 1 9 15 0 11 16 0 15 2 4 244
254.0 1 5 0 1 2 3 1 17 0 13 10 1 4 0 15 40 5 0 6 43 0 1 1 9 15 0 11 16 0 15 2 4 242
255.0 1 5 0 1 2 3 1 16 0 12 10 1 4 0 14 39 5 0 6 43 0 1 1 9 14 0 11 15 0 15 2 4 240
256.0 1 5 0 1 2 3 1 16 0 12 10 1 4 0 14 39 5 0 6 43 0 1 1 9 14 0 11 15 0 15 2 4 238
257.0 1 5 0 1 2 3 1 16 0 12 10 1 4 0 14 39 5 0 6 42 0 1 1 9 14 0 11 15 0 15 2 4 236
258.0 1 5 0 1 2 3 1 16 0 12 10 1 4 0 14 38 5 0 6 42 0 1 1 9 14 0 10 15 0 15 2 4 234
259.0 1 5 0 1 2 3 1 16 0 12 10 1 4 0 14 38 5 0 6 41 0 1 1 8 14 0 10 15 0 15 2 4 232
260.0 1 5 0 1 2 3 1 16 0 12 10 1 4 0 14 38 4 0 5 41 0 1 1 8 14 0 10 15 0 14 2 4 230
261.0 1 5 0 1 2 3 1 16 0 12 10 1 4 0 14 37 4 0 5 41 0 1 1 8 14 0 10 15 0 14 2 4 228
262.0 1 5 0 1 2 3 1 15 0 12 10 1 4 0 14 37 4 0 5 40 0 1 1 8 14 0 10 15 0 14 2 4 226
263.0 1 5 0 1 2 3 1 15 0 12 10 1 4 0 13 37 4 0 5 40 0 1 1 8 13 0 10 14 0 14 2 4 224
264.0 1 5 0 1 2 3 1 15 0 11 10 1 4 0 13 36 4 0 5 40 0 1 1 8 13 0 10 14 0 14 2 4 222
265.0 1 5 0 1 2 3 1 15 0 11 10 1 4 0 13 36 4 0 5 39 0 1 1 8 13 0 10 14 0 14 2 4 220
266.0 1 5 0 1 2 3 1 15 0 11 9 1 4 0 13 36 4 0 5 39 0 1 1 8 13 0 10 14 0 14 2 4 218
267.0 1 5 0 1 2 3 1 15 0 11 9 1 4 0 13 35 4 0 5 39 0 1 1 8 13 0 10 14 0 14 2 4 216
268.0 1 5 0 1 2 3 1 15 0 11 9 1 4 0 13 35 4 0 5 38 0 1 1 8 13 0 10 14 0 13 2 4 214
269.0 1 5 0 1 2 3 1 15 0 11 9 1 4 0 13 35 4 0 5 38 0 1 1 8 13 0 10 14 0 13 2 4 213
270.0 1 5 0 1 2 3 1 14 0 11 9 1 4 0 13 34 4 0 5 38 0 1 1 8 13 0 9 14 0 13 2 4 211
271.0 1 5 0 1 2 3 1 14 0 11 9 1 4 0 13 34 4 0 5 37 0 1 1 8 13 0 9 13 0 13 2 4 209
272.0 1 5 0 1 2 3 1 14 0 11 9 1 3 0 12 34 4 0 5 37 0 1 1 8 12 0 9 13 0 13 2 3 207
273.0 1 5 0 1 2 3 1 14 0 11 9 1 3 0 12 34 4 0 5 37 0 1 1 7 12 0 9 13 0 13 2 3 205
274.0 1 5 0 1 2 3 1 14 0 11 9 1 3 0 12 33 4 0 5 36 0 1 1 7 12 0 9 13 0 13 2 3 204
275.0 1 5 0 1 2 3 1 14 0 10 9 1 3 0 12 33 4 0 5 36 0 1 1 7 12 0 9 13 0 13 2 3 202
276.0 1 4 0 1 2 3 1 14 0 10 9 1 3 0 12 33 4 0 5 36 0 1 1 7 12 0 9 13 0 13 2 3 200
277.0 1 4 0 1 2 2 1 14 0 10 9 1 3 0 12 32 4 0 5 36 0 1 1 7 12 0 9 13 0 12 2 3 198
278.0 1 4 0 1 2 2 1 13 0 10 9 1 3 0 12 32 4 0 5 35 0 1 1 7 12 0 9 13 0 12 2 3 197
279.0 1 4 0 1 2 2 1 13 0 10 8 1 3 0 12 32 4 0 5 35 0 1 1 7 12 0 9 13 0 12 2 3 195
280.0 1 4 0 1 2 2 1 13 0 10 8 1 3 0 12 32 4 0 5 35 0 1 1 7 12 0 9 12 0 12 2 3 193
281.0 1 4 0 1 2 2 1 13 0 10 8 1 3 0 12 31 4 0 5 34 0 1 1 7 12 0 9 12 0 12 2 3 192
282.0 1 4 0 1 2 2 1 13 0 10 8 1 3 0 11 31 4 0 5 34 0 1 1 7 11 0 9 12 0 12 2 3 190
283.0 1 4 0 1 2 2 1 13 0 10 8 1 3 0 11 31 4 0 4 34 0 1 1 7 11 0 8 12 0 12 2 3 188
284.0 1 4 0 1 2 2 1 13 0 10 8 1 3 0 11 31 4 0 4 33 0 1 1 7 11 0 8 12 0 12 2 3 187
285.0 1 4 0 1 2 2 1 13 0 10 8 1 3 0 11 30 4 0 4 33 0 1 1 7 11 0 8 12 0 12 2 3 185
286.0 1 4 0 1 2 2 1 13 0 10 8 1 3 0 11 30 4 0 4 33 0 1 1 7 11 0 8 12 0 12 2 3 184
287.0 1 4 0 1 2 2 1 12 0 9 8 1 3 0 11 30 4 0 4 33 0 1 1 7 11 0 8 12 0 11 2 3 182
288.0 1 4 0 1 2 2 1 12 0 9 8 1 3 0 11 30 4 0 4 32 0 1 1 7 11 0 8 12 0 11 2 3 180
289.0 1 4 0 1 2 2 1 12 0 9 8 1 3 0 11 29 4 0 4 32 0 1 1 7 11 0 8 12 0 11 2 3 179
290.0 1 4 0 0 2 2 1 12 0 9 8 1 3 0 11 29 3 0 4 32 0 1 0 6 11 0 8 11 0 11 1 3 177
291.0 1 4 0 0 2 2 1 12 0 9 8 1 3 0 11 29 3 0 4 31 0 1 0 6 11 0 8 11 0 11 1 3 176
292.0 1 4 0 0 2 2 1 12 0 9 8 1 3 0 10 29 3 0 4 31 0 1 0 6 10 0 8 11 0 11 1 3 174
293.0 1 4 0 0 2 2 1 12 0 9 7 1 3 0 10 28 3 0 4 31 0 1 0 6 10 0 8 11 0 11 1 3 173
294.0 1 4 0 0 2 2 1 12 0 9 7 1 3 0 10 28 3 0 4 31 0 1 0 6 10 0 8 11 0 11 1 3 171
295.0 1 4 0 0 2 2 1 12 0 9 7 1 3 0 10 28 3 0 4 30 0 1 0 6 10 0 8 11 0 11 1 3 170
296.0 1 4 0 0 2 2 1 12 0 9 7 1 3 0 10 28 3 0 4 30 0 1 0 6 10 0 8 11 0 11 1 3 168
297.0 1 4 0 0 2 2 1 11 0 9 7 1 3 0 10 27 3 0 4 30 0 1 0 6 10 0 7 11 0 11 1 3 167
298.0 1 4 0 0 2 2 1 11 0 9 7 1 3 0 10 27 3 0 4 30 0 1 0 6 10 0 7 11 0 10 1 3 166
299.0 1 4 0 0 2 2 1 11 0 8 7 1 3 0 10 27 3 0 4 29 0 1 0 6 10 0 7 11 0 10 1 3 164
300.0 1 4 0 0 2 2 1 11 0 8 7 1 3 0 10 27 3 0 4 29 0 1 0 6 10 0 7 10 0 10 1 3 163
301.0 1 4 0 0 2 2 1 11 0 8 7 1 3 0 10 26 3 0 4 29 0 1 0 6 10 0 7 10 0 10 1 3 161
302.0 1 4 0 0 2 2 1 11 0 8 7 1 3 0 10 26 3 0 4 29 0 1 0 6 10 0 7 10 0 10 1 3 160
303.0 1 4 0 0 2 2 1 11 0 8 7 1 3 0 10 26 3 0 4 28 0 1 0 6 10 0 7 10 0 10 1 3 159
304.0 1 4 0 0 2 2 1 11 0 8 7 1 3 0 9 26 3 0 4 28 0 1 0 6 9 0 7 10 0 10 1 3 157
305.0 1 3 0 0 2 2 1 11 0 8 7 1 3 0 9 26 3 0 4 28 0 1 0 6 9 0 7 10 0 10 1 3 156
306.0 1 3 0 0 2 2 1 11 0 8 7 1 3 0 9 25 3 0 4 28 0 1 0 6 9 0 7 10 0 10 1 3 155
307.0 1 3 0 0 1 2 1 10 0 8 7 1 3 0 9 25 3 0 4 27 0 1 0 6 9 0 7 10 0 10 1 3 153
308.0 1 3 0 0 1 2 1 10 0 8 7 1 3 0 9 25 3 0 4 27 0 1 0 6 9 0 7 10 0 10 1 3 152
309.0 1 3 0 0 1 2 1 10 0 8 7 1 3 0 9 25 3 0 4 27 0 1 0 5 9 0 7 10 0 9 1 3 151
310.0 1 3 0 0 1 2 1 10 0 8 6 1 3 0 9 24 3 0 4 27 0 1 0 5 9 0 7 10 0 9 1 3 149
311.0 1 3 0 0 1 2 1 10 0 8 6 1 2 0 9 24 3 0 4 26 0 1 0 5 9 0 7 10 0 9 1 2 148
312.0 1 3 0 0 1 2 1 10 0 8 6 1 2 0 9 24 3 0 3 26 0 1 0 5 9 0 7 9 0 9 1 2 147
313.0 1 3 0 0 1 2 1 10 0 8 6 1 2 0 9 24 3 0 3 26 0 1 0 5 9 0 7 9 0 9 1 2 145
314.0 1 3 0 0 1 2 1 10 0 7 6 1 2 0 9 24 3 0 3 26 0 1 0 5 9 0 6 9 0 9 1 2 144
315.0 1 3 0 0 1 2 1 10 0 7 6 1 2 0 9 23 3 0 3 26 0 1 0 5 9 0 6 9 0 9 1 2 143
316.0 1 3 0 0 1 2 1 10 0 7 6 1 2 0 9 23 3 0 3 25 0 1 0 5 9 0 6 9 0 9 1 2 142
317.0 1 3 0 0 1 2 1 10 0 7 6 1 2 0 8 23 3 0 3 25 0 1 0 5 8 0 6 9 0 9 1 2 141
318.0 1 3 0 0 1 2 1 10 0 7 6 1 2 0 8 23 3 0 3 25 0 1 0 5 8 0 6 9 0 9 1 2 139
319.0 1 3 0 0 1 2 1 9 0 7 6 1 2 0 8 23 3 0 3 25 0 1 0 5 8 0 6 9 0 9 1 2 138
320.0 1 3 0 0 1 2 1 9 0 7 6 1 2 0 8 22 3 0 3 25 0 1 0 5 8 0 6 9 0 9 1 2 137
321.0 1 3 0 0 1 2 1 9 0 7 6 1 2 0 8 22 3 0 3 24 0 1 0 5 8 0 6 9 0 9 1 2 136
322.0 1 3 0 0 1 2 1 9 0 7 6 1 2 0 8 22 3 0 3 24 0 1 0 5 8 0 6 9 0 8 1 2 135
323.0 1 3 0 0 1 2 1 9 0 7 6 1 2 0 8 22 3 0 3 24 0 1 0 5 8 0 6 9 0 8 1 2 133
324.0 1 3 0 0 1 2 1 9 0 7 6 1 2 0 8 22 3 0 3 24 0 1 0 5 8 0 6 9 0 8 1 2 132
325.0 1 3 0 0 1 2 1 9 0 7 6 1 2 0 8 21 3 0 3 23 0 1 0 5 8 0 6 8 0 8 1 2 131
326.0 1 3 0 0 1 2 1 9 0 7 6 1 2 0 8 21 3 0 3 23 0 1 0 5 8 0 6 8 0 8 1 2 130
327.0 1 3 0 0 1 2 1 9 0 7 6 1 2 0 8 21 3 0 3 23 0 1 0 5 8 0 6 8 0 8 1 2 129
328.0 1 3 0 0 1 2 1 9 0 7 6 1 2 0 8 21 3 0 3 23 0 1 0 5 8 0 6 8 0 8 1 2 128
329.0 1 3 0 0 1 2 1 9 0 7 5 1 2 0 8 21 2 0 3 23 0 1 0 5 8 0 6 8 0 8 1 2 127
330.0 1 3 0 0 1 2 1 9 0 7 5 1 2 0 8 21 2 0 3 22 0 1 0 5 8 0 6 8 0 8 1 2 126
331.0 1 3 0 0 1 2 1 9 0 6 5 1 2 0 7 20 2 0 3 22 0 1 0 5 7 0 6 8 0 8 1 2 125
332.0 1 3 0 0 1 2 1 8 0 6 5 1 2 0 7 20 2 0 3 22 0 1 0 4 7 0 6 8 0 8 1 2 123
333.0 1 3 0 0 1 2 1 8 0 6 5 1 2 0 7 20 2 0 3 22 0 1 0 4 7 0 5 8 0 8 1 2 122
334.0 1 3 0 0 1 2 1 8 0 6 5 1 2 0 7 20 2 0 3 22 0 1 0 4 7 0 5 8 0 8 1 2 121
335.0 1 3 0 0 1 2 1 8 0 6 5 1 2 0 7 20 2 0 3 22 0 1 0 4 7 0 5 8 0 8 1 2 120
336.0 1 3 0 0 1 2 1 8 0 6 5 1 2 0 7 20 2 0 3 21 0 1 0 4 7 0 5 8 0 8 1 2 119
337.0 0 3 0 0 1 1 0 8 0 6 5 1 2 0 7 19 2 0 3 21 0 1 0 4 7 0 5 8 0 7 1 2 118
338.0 0 3 0 0 1 1 0 8 0 6 5 1 2 0 7 19 2 0 3 21 0 1 0 4 7 0 5 8 0 7 1 2 117
339.0 0 3 0 0 1 1 0 8 0 6 5 1 2 0 7 19 2 0 3 21 0 1 0 4 7 0 5 7 0 7 1 2 116
340.0 0 3 0 0 1 1 0 8 0 6 5 1 2 0 7 19 2 0 3 21 0 1 0 4 7 0 5 7 0 7 1 2 115
341.0 0 3 0 0 1 1 0 8 0 6 5 1 2 0 7 19 2 0 3 20 0 1 0 4 7 0 5 7 0 7 1 2 114
342.0 0 3 0 0 1 1 0 8 0 6 5 1 2 0 7 19 2 0 3 20 0 1 0 4 7 0 5 7 0 7 1 2 113
343.0 0 3 0 0 1 1 0 8 0 6 5 1 2 0 7 18 2 0 3 20 0 1 0 4 7 0 5 7 0 7 1 2 112
344.0 0 2 0 0 1 1 0 8 0 6 5 1 2 0 7 18 2 0 3 20 0 1 0 4 7 0 5 7 0 7 1 2 111
345.0 0 2 0 0 1 1 0 8 0 6 5 1 2 0 7 18 2 0 3 20 0 1 0 4 7 0 5 7 0 7 1 2 110
346.0 0 2 0 0 1 1 0 7 0 6 5 1 2 0 7 18 2 0 3 20 0 1 0 4 7 0 5 7 0 7 1 2 109
347.0 0 2 0 0 1 1 0 7 0 6 5 1 2 0 7 18 2 0 3 19 0 1 0 4 7 0 5 7 0 7 1 2 108
348.0 0 2 0 0 1 1 0 7 0 6 5 1 2 0 6 18 2 0 3 19 0 1 0 4 6 0 5 7 0 7 1 2 108
349.0 0 2 0 0 1 1 0 7 0 6 5 1 2 0 6 17 2 0 3 19 0 1 0 4 6 0 5 7 0 7 1 2 107
350.0 0 2 0 0 1 1 0 7 0 5 5 1 2 0 6 17 2 0 3 19 0 1 0 4 6 0 5 7 0 7 1 2 106
351.0 0 2 0 0 1 1 0 7 0 5 5 1 2 0 6 17 2 0 2 19 0 1 0 4 6 0 5 7 0 7 1 2 105
352.0 0 2 0 0 1 1 0 7 0 5 5 1 2 0 6 17 2 0 2 19 0 1 0 4 6 0 5 7 0 7 1 2 104
353.0 0 2 0 0 1 1 0 7 0 5 4 1 2 0 6 17 2 0 2 18 0 1 0 4 6 0 5 7 0 6 1 2 103
354.0 0 2 0 0 1 1 0 7 0 5 4 1 2 0 6 17 2 0 2 18 0 1 0 4 6 0 5 7 0 6 1 2 102
355.0 0 2 0 0 1 1 0 7 0 5 4 1 2 0 6 17 2 0 2 18 0 1 0 4 6 0 5 7 0 6 1 2 101
356.0 0 2 0 0 1 1 0 7 0 5 4 1 2 0 6 16 2 0 2 18 0 1 0 4 6 0 4 6 0 6 1 2 100
357.0 0 2 0 0 1 1 0 7 0 5 4 1 2 0 6 16 2 0 2 18 0 1 0 4 6 0 4 6 0 6 1 2 100
358.0 0 2 0 0 1 1 0 7 0 5 4 1 2 0 6 16 2 0 2 18 0 1 0 4 6 0 4 6 0 6 1 2 99
359.0 0 2 0 0 1 1 0 7 0 5 4 1 2 0 6 16 2 0 2 18 0 1 0 4 6 0 4 6 0 6 1 2 98
360.0 0 2 0 0 1 1 0 7 0 5 4 1 2 0 6 16 2 0 2 17 0 1 0 4 6 0 4 6 0 6 1 2 97
361.0 0 2 0 0 1 1 0 7 0 5 4 1 2 0 6 16 2 0 2 17 0 1 0 3 6 0 4 6 0 6 1 2 96
362.0 0 2 0 0 1 1 0 7 0 5 4 1 2 0 6 16 2 0 2 17 0 1 0 3 6 0 4 6 0 6 1 2 95
363.0 0 2 0 0 1 1 0 6 0 5 4 1 2 0 6 15 2 0 2 17 0 1 0 3 6 0 4 6 0 6 1 2 94
364.0 0 2 0 0 1 1 0 6 0 5 4 1 2 0 6 15 2 0 2 17 0 1 0 3 6 0 4 6 0 6 1 2 94
365.0 0 2 0 0 1 1 0 6 0 5 4 1 2 0 6 15 2 0 2 17 0 1 0 3 6 0 4 6 0 6 1 2 93
