Covid-19 Population Estimated by PSD Model @ CDS/IISc
Day AN AP AR AS BR CH CT DL GA GJ HR HP JK JH KA KL LA LD MP MH MN OR PY PB RJ SK TN TG TR UP UT WB Total
0.0 3 17 1 2 7 9 3 51 1 38 32 4 12 1 45 121 14 1 18 132 1 4 2 27 45 1 33 48 1 47 6 12 740
1.0 4 20 1 3 9 11 4 62 1 47 39 5 15 1 54 148 18 1 21 162 1 5 3 33 54 1 40 58 1 57 8 15 902
2.0 4 23 1 3 10 13 4 72 1 54 45 6 18 1 63 171 20 1 25 187 1 6 3 38 63 1 47 67 1 66 9 18 1045
3.0 5 27 2 3 12 15 5 81 2 61 51 7 20 2 71 194 23 2 28 212 2 7 3 43 71 2 53 76 2 75 10 20 1187
4.0 6 30 2 4 13 17 6 92 2 69 58 7 22 2 81 219 26 2 32 240 2 7 4 49 81 2 60 86 2 84 11 22 1340
5.0 6 34 2 4 15 19 6 104 2 78 65 8 25 2 91 247 30 2 36 270 2 8 4 55 91 2 68 97 2 95 13 25 1510
6.0 7 38 2 5 17 21 7 117 2 88 74 10 29 2 102 279 33 2 40 305 2 10 5 62 102 2 76 109 2 107 14 29 1702
7.0 8 43 3 5 19 24 8 131 3 99 83 11 32 3 115 314 38 3 46 343 3 11 5 70 115 3 86 123 3 121 16 32 1917
8.0 9 48 3 6 21 27 9 148 3 112 94 12 36 3 130 353 42 3 51 387 3 12 6 79 130 3 97 139 3 136 18 36 2160
9.0 10 54 3 7 24 31 10 167 3 126 105 14 41 3 146 398 48 3 58 435 3 14 7 88 146 3 109 156 3 153 20 41 2431
10.0 11 61 4 8 27 34 11 187 4 142 119 15 46 4 165 448 54 4 65 490 4 15 8 99 165 4 122 176 4 172 23 46 2735
11.0 13 69 4 9 30 39 13 211 4 159 133 17 52 4 185 503 60 4 73 551 4 17 9 112 185 4 138 198 4 194 26 52 3076
12.0 14 77 5 10 34 43 14 237 5 179 150 19 58 5 208 565 68 5 82 619 5 19 10 126 208 5 155 222 5 217 29 58 3455
13.0 16 87 5 11 38 49 16 266 5 201 168 22 65 5 233 635 76 5 92 694 5 22 11 141 233 5 174 250 5 244 33 65 3878
14.0 18 97 6 12 43 55 18 298 6 225 189 24 73 6 262 712 85 6 103 779 6 24 12 158 262 6 195 280 6 274 36 73 4349
15.0 20 109 7 14 48 61 20 334 7 252 211 27 82 7 293 797 95 7 116 872 7 27 14 177 293 7 218 313 7 307 41 82 4871
16.0 23 122 8 15 53 68 23 373 8 281 236 30 91 8 327 890 107 8 129 974 8 30 15 198 327 8 243 350 8 342 46 91 5440
17.0 25 135 8 17 59 76 25 415 8 313 262 34 102 8 364 990 118 8 144 1083 8 34 17 220 364 8 271 389 8 381 51 102 6050
18.0 28 150 9 19 66 84 28 459 9 347 290 37 112 9 403 1096 131 9 159 1199 9 37 19 244 403 9 300 431 9 422 56 112 6700
19.0 31 165 10 21 72 93 31 506 10 382 320 41 124 10 444 1209 145 10 176 1322 10 41 21 269 444 10 331 475 10 465 62 124 7387
20.0 34 181 11 23 79 102 34 556 11 419 351 45 136 11 488 1326 159 11 193 1451 11 45 23 295 488 11 363 522 11 510 68 136 8106
21.0 37 198 12 25 87 111 37 607 12 458 384 50 149 12 532 1449 173 12 210 1585 12 50 25 322 532 12 396 570 12 557 74 149 8853
22.0 40 215 13 27 94 121 40 659 13 498 417 54 161 13 578 1574 188 13 229 1722 13 54 27 350 578 13 430 619 13 605 81 161 9617
23.0 44 233 15 29 102 131 44 715 15 540 452 58 175 15 627 1706 204 15 248 1867 15 58 29 379 627 15 467 671 15 656 88 175 10428
24.0 47 252 16 32 110 142 47 773 16 584 489 63 189 16 679 1846 221 16 268 2020 16 63 32 410 679 16 505 726 16 710 95 189 11283
25.0 51 273 17 34 119 153 51 835 17 630 528 68 204 17 733 1993 239 17 290 2181 17 68 34 443 733 17 545 784 17 767 102 204 12182
26.0 55 294 18 37 128 165 55 899 18 679 569 73 220 18 789 2148 257 18 312 2350 18 73 37 477 789 18 587 844 18 826 110 220 13125
27.0 59 316 20 39 138 178 59 967 20 730 612 79 237 20 849 2309 276 20 336 2526 20 79 39 513 849 20 632 908 20 888 118 237 14112
28.0 64 339 21 42 148 191 64 1038 21 784 657 85 254 21 911 2478 297 21 360 2711 21 85 42 551 911 21 678 974 21 953 127 254 15145
29.0 68 363 23 45 159 204 68 1112 23 840 703 91 272 23 976 2655 318 23 386 2905 23 91 45 590 976 23 726 1044 23 1021 136 272 16226
30.0 73 388 24 49 170 218 73 1189 24 898 752 97 291 24 1044 2840 340 24 413 3107 24 97 49 631 1044 24 777 1116 24 1092 146 291 17353
31.0 78 415 26 52 181 233 78 1270 26 959 803 104 311 26 1114 3032 363 26 441 3317 26 104 52 674 1114 26 829 1192 26 1166 155 311 18528
32.0 83 442 28 55 193 249 83 1353 28 1022 856 110 331 28 1188 3232 387 28 470 3536 28 110 55 718 1188 28 884 1271 28 1243 166 331 19750
33.0 88 470 29 59 206 265 88 1440 29 1088 911 118 353 29 1264 3439 412 29 500 3763 29 118 59 764 1264 29 941 1352 29 1323 176 353 21017
34.0 94 500 31 62 219 281 94 1530 31 1156 968 125 375 31 1343 3654 437 31 531 3998 31 125 62 812 1343 31 999 1437 31 1405 187 375 22330
35.0 99 530 33 66 232 298 99 1623 33 1226 1027 133 398 33 1425 3876 464 33 563 4241 33 133 66 861 1425 33 1060 1524 33 1491 199 398 23688
36.0 105 561 35 70 246 316 105 1719 35 1298 1088 140 421 35 1509 4105 491 35 597 4491 35 140 70 912 1509 35 1123 1614 35 1579 211 421 25089
37.0 111 593 37 74 260 334 111 1817 37 1372 1150 148 445 37 1595 4339 519 37 630 4747 37 148 74 964 1595 37 1187 1706 37 1669 222 445 26514
38.0 117 625 39 78 274 352 117 1915 39 1446 1212 156 469 39 1681 4573 547 39 664 5003 39 156 78 1016 1681 39 1251 1798 39 1759 235 469 27947
39.0 123 657 41 82 288 370 123 2014 41 1520 1274 164 493 41 1767 4808 575 41 699 5260 41 164 82 1068 1767 41 1315 1890 41 1849 247 493 29381
40.0 129 689 43 86 302 388 129 2111 43 1594 1336 172 517 43 1853 5041 603 43 732 5515 43 172 86 1120 1853 43 1379 1982 43 1939 259 517 30807
41.0 135 721 45 90 315 406 135 2208 45 1667 1397 180 541 45 1937 5272 631 45 766 5767 45 180 90 1171 1937 45 1442 2073 45 2028 270 541 32215
42.0 141 752 47 94 329 423 141 2302 47 1739 1457 188 564 47 2020 5498 658 47 799 6014 47 188 94 1222 2020 47 1504 2161 47 2114 282 564 33596
43.0 147 782 49 98 342 440 147 2394 49 1808 1515 195 586 49 2101 5717 684 49 831 6255 49 195 98 1271 2101 49 1564 2248 49 2199 293 586 34939
44.0 152 811 51 101 355 456 152 2483 51 1875 1571 203 608 51 2179 5929 709 51 862 6487 51 203 101 1318 2179 51 1622 2331 51 2281 304 608 36235
45.0 157 839 52 105 367 472 157 2568 52 1939 1625 210 629 52 2254 6132 734 52 891 6709 52 210 105 1363 2254 52 1677 2411 52 2358 314 629 37473
46.0 162 865 54 108 378 486 162 2648 54 2000 1676 216 649 54 2324 6324 757 54 919 6918 54 216 108 1405 2324 54 1730 2486 54 2432 324 649 38646
47.0 167 889 56 111 389 500 167 2724 56 2057 1723 222 667 56 2390 6504 778 56 945 7115 56 222 111 1445 2390 56 1779 2557 56 2501 334 667 39744
48.0 171 912 57 114 399 513 171 2793 57 2109 1767 228 684 57 2451 6670 798 57 969 7297 57 228 114 1482 2451 57 1824 2622 57 2565 342 684 40760
49.0 175 933 58 117 408 525 175 2857 58 2157 1807 233 700 58 2507 6822 816 58 991 7463 58 233 117 1516 2507 58 1866 2682 58 2624 350 700 41688
50.0 178 952 59 119 416 535 178 2914 59 2200 1844 238 714 59 2557 6958 833 59 1011 7612 59 238 119 1546 2557 59 1903 2736 59 2676 357 714 42521
51.0 181 968 60 121 423 544 181 2964 60 2238 1875 242 726 60 2601 7078 847 60 1028 7743 60 242 121 1573 2601 60 1936 2783 60 2722 363 726 43254
52.0 184 983 61 123 430 553 184 3010 61 2273 1904 246 737 61 2641 7186 860 61 1044 7862 61 246 123 1597 2641 61 1965 2825 61 2764 369 737 43915
53.0 187 996 62 125 436 560 187 3051 62 2304 1930 249 747 62 2678 7286 872 62 1059 7971 62 249 125 1619 2678 62 1993 2865 62 2802 374 747 44526
54.0 189 1009 63 126 441 567 189 3090 63 2333 1955 252 757 63 2711 7377 883 63 1072 8071 63 252 126 1639 2711 63 2018 2900 63 2837 378 757 45083
55.0 191 1020 64 128 446 574 191 3124 64 2359 1977 255 765 64 2742 7460 893 64 1084 8161 64 255 128 1658 2742 64 2040 2933 64 2869 383 765 45589
56.0 193 1030 64 129 451 580 193 3155 64 2383 1996 258 773 64 2769 7534 902 64 1095 8243 64 258 129 1674 2769 64 2061 2962 64 2898 386 773 46044
57.0 195 1039 65 130 455 585 195 3183 65 2404 2014 260 780 65 2793 7601 909 65 1104 8315 65 260 130 1689 2793 65 2079 2988 65 2923 390 780 46449
58.0 196 1047 65 131 458 589 196 3208 65 2422 2029 262 786 65 2815 7659 916 65 1113 8379 65 262 131 1702 2815 65 2095 3011 65 2946 393 786 46806
59.0 198 1054 66 132 461 593 198 3229 66 2438 2043 264 791 66 2834 7710 923 66 1120 8435 66 264 132 1713 2834 66 2109 3031 66 2965 395 791 47116
60.0 199 1060 66 133 464 596 199 3247 66 2452 2054 265 795 66 2849 7753 928 66 1127 8482 66 265 133 1723 2849 66 2121 3048 66 2982 398 795 47381
61.0 200 1065 67 133 466 599 200 3262 67 2463 2064 266 799 67 2863 7789 932 67 1132 8522 67 266 133 1731 2863 67 2130 3062 67 2996 399 799 47602
62.0 200 1069 67 134 468 601 200 3274 67 2472 2072 267 802 67 2873 7818 936 67 1136 8553 67 267 134 1737 2873 67 2138 3074 67 3007 401 802 47779
63.0 201 1072 67 134 469 603 201 3284 67 2479 2077 268 804 67 2881 7840 938 67 1139 8577 67 268 134 1742 2881 67 2144 3083 67 3016 402 804 47913
64.0 201 1074 67 134 470 604 201 3290 67 2484 2081 269 806 67 2887 7855 940 67 1141 8594 67 269 134 1746 2887 67 2149 3088 67 3021 403 806 48006
65.0 202 1075 67 134 470 605 202 3293 67 2487 2084 269 807 67 2890 7864 941 67 1143 8603 67 269 134 1748 2890 67 2151 3092 67 3025 403 807 48057
66.0 202 1076 67 134 471 605 202 3294 67 2487 2084 269 807 67 2891 7866 941 67 1143 8605 67 269 134 1748 2891 67 2151 3093 67 3025 403 807 48068
67.0 202 1075 67 134 470 605 202 3292 67 2486 2083 269 806 67 2889 7861 941 67 1142 8600 67 269 134 1747 2889 67 2150 3091 67 3023 403 806 48040
68.0 201 1074 67 134 470 604 201 3288 67 2482 2080 268 805 67 2885 7850 939 67 1141 8588 67 268 134 1744 2885 67 2147 3086 67 3019 403 805 47973
69.0 201 1071 67 134 469 603 201 3280 67 2477 2075 268 803 67 2879 7833 937 67 1138 8569 67 268 134 1741 2879 67 2142 3080 67 3013 402 803 47867
70.0 200 1068 67 133 467 601 200 3271 67 2470 2069 267 801 67 2870 7810 934 67 1135 8544 67 267 133 1735 2870 67 2136 3070 67 3004 400 801 47725
71.0 199 1064 66 133 465 598 199 3258 66 2460 2061 266 798 66 2859 7780 931 66 1130 8512 66 266 133 1729 2859 66 2128 3059 66 2992 399 798 47546
72.0 199 1059 66 132 463 596 199 3244 66 2449 2052 265 794 66 2847 7745 927 66 1125 8474 66 265 132 1721 2847 66 2118 3045 66 2979 397 794 47333
73.0 198 1054 66 132 461 593 198 3227 66 2437 2041 263 790 66 2832 7705 922 66 1119 8429 66 263 132 1712 2832 66 2107 3029 66 2963 395 790 47085
74.0 196 1047 65 131 458 589 196 3207 65 2422 2029 262 786 65 2815 7659 916 65 1113 8379 65 262 131 1702 2815 65 2095 3011 65 2946 393 786 46803
75.0 195 1040 65 130 455 585 195 3186 65 2406 2016 260 780 65 2796 7607 910 65 1105 8323 65 260 130 1691 2796 65 2081 2991 65 2926 390 780 46490
76.0 194 1033 65 129 452 581 194 3163 65 2389 2001 258 775 65 2776 7553 904 65 1097 8263 65 258 129 1678 2776 65 2066 2970 65 2905 387 775 46158
77.0 192 1025 64 128 449 577 192 3140 64 2371 1986 256 769 64 2755 7497 897 64 1089 8202 64 256 128 1666 2755 64 2051 2948 64 2884 384 769 45816
78.0 191 1017 64 127 445 572 191 3116 64 2353 1971 254 763 64 2734 7440 890 64 1081 8140 64 254 127 1653 2734 64 2035 2925 64 2862 382 763 45467
79.0 189 1009 63 126 442 568 189 3092 63 2334 1956 252 757 63 2713 7382 883 63 1073 8076 63 252 126 1640 2713 63 2019 2902 63 2839 379 757 45111
80.0 188 1001 63 125 438 563 188 3067 63 2316 1940 250 751 63 2691 7323 876 63 1064 8011 63 250 125 1627 2691 63 2003 2879 63 2816 376 751 44749
81.0 186 993 62 124 435 559 186 3042 62 2297 1924 248 745 62 2669 7263 869 62 1055 7946 62 248 124 1614 2669 62 1986 2855 62 2793 372 745 44384
82.0 185 985 62 123 431 554 185 3016 62 2278 1908 246 739 62 2647 7203 862 62 1047 7880 62 246 123 1601 2647 62 1970 2832 62 2770 369 739 44015
83.0 183 977 61 122 427 549 183 2991 61 2259 1892 244 733 61 2625 7142 855 61 1038 7814 61 244 122 1587 2625 61 1953 2808 61 2747 366 733 43646
84.0 182 968 61 121 424 545 182 2966 61 2239 1876 242 726 61 2603 7081 847 61 1029 7747 61 242 121 1574 2603 61 1937 2784 61 2724 363 726 43276
85.0 180 960 60 120 420 540 180 2940 60 2220 1860 240 720 60 2580 7021 840 60 1020 7681 60 240 120 1560 2580 60 1920 2760 60 2700 360 720 42906
86.0 178 952 59 119 416 535 178 2915 59 2201 1844 238 714 59 2558 6961 833 59 1011 7615 59 238 119 1547 2558 59 1904 2737 59 2677 357 714 42536
87.0 177 944 59 118 413 531 177 2890 59 2182 1828 236 708 59 2536 6900 826 59 1003 7549 59 236 118 1533 2536 59 1887 2713 59 2654 354 708 42168
88.0 175 935 58 117 409 526 175 2865 58 2163 1812 234 702 58 2514 6840 819 58 994 7483 58 234 117 1520 2514 58 1871 2689 58 2631 351 702 41802
89.0 174 927 58 116 406 522 174 2840 58 2144 1797 232 695 58 2492 6781 811 58 985 7418 58 232 116 1507 2492 58 1855 2666 58 2608 348 695 41438
90.0 172 919 57 115 402 517 172 2815 57 2126 1781 230 689 57 2470 6722 804 57 977 7353 57 230 115 1494 2470 57 1838 2643 57 2585 345 689 41076
91.0 171 911 57 114 399 513 171 2790 57 2107 1765 228 683 57 2449 6663 797 57 968 7289 57 228 114 1481 2449 57 1822 2620 57 2563 342 683 40716
92.0 169 903 56 113 395 508 169 2766 56 2089 1750 226 677 56 2427 6604 790 56 960 7225 56 226 113 1468 2427 56 1806 2597 56 2540 339 677 40359
93.0 168 895 56 112 392 504 168 2742 56 2070 1734 224 671 56 2406 6546 783 56 951 7162 56 224 112 1455 2406 56 1790 2574 56 2518 336 671 40005
94.0 166 887 55 111 388 499 166 2718 55 2052 1719 222 666 55 2385 6489 776 55 943 7099 55 222 111 1442 2385 55 1775 2551 55 2496 333 666 39654
95.0 165 880 55 110 385 495 165 2694 55 2034 1704 220 660 55 2364 6432 770 55 935 7036 55 220 110 1429 2364 55 1759 2529 55 2474 330 660 39305
96.0 163 872 54 109 381 490 163 2670 54 2016 1689 218 654 54 2343 6375 763 54 926 6975 54 218 109 1417 2343 54 1744 2507 54 2452 327 654 38960
97.0 162 864 54 108 378 486 162 2646 54 1998 1674 216 648 54 2322 6319 756 54 918 6913 54 216 108 1404 2322 54 1728 2484 54 2430 324 648 38617
98.0 161 857 54 107 375 482 161 2623 54 1981 1660 214 642 54 2302 6264 749 54 910 6853 54 214 107 1392 2302 54 1713 2463 54 2409 321 642 38278
99.0 159 849 53 106 371 478 159 2600 53 1963 1645 212 637 53 2282 6209 743 53 902 6792 53 212 106 1380 2282 53 1698 2441 53 2388 318 637 37941
100.0 158 842 53 105 368 473 158 2577 53 1946 1631 210 631 53 2262 6154 736 53 894 6733 53 210 105 1368 2262 53 1683 2420 53 2367 316 631 37608
101.0 156 834 52 104 365 469 156 2555 52 1929 1616 209 626 52 2242 6100 730 52 886 6673 52 209 104 1356 2242 52 1668 2398 52 2346 313 626 37278
102.0 155 827 52 103 362 465 155 2532 52 1912 1602 207 620 52 2222 6046 724 52 879 6615 52 207 103 1344 2222 52 1654 2377 52 2326 310 620 36950
103.0 154 820 51 102 359 461 154 2510 51 1895 1588 205 615 51 2203 5993 717 51 871 6557 51 205 102 1332 2203 51 1639 2356 51 2305 307 615 36626
104.0 152 812 51 102 355 457 152 2488 51 1879 1574 203 609 51 2183 5941 711 51 863 6499 51 203 102 1320 2183 51 1625 2336 51 2285 305 609 36304
105.0 151 805 50 101 352 453 151 2466 50 1862 1560 201 604 50 2164 5889 705 50 856 6442 50 201 101 1309 2164 50 1611 2315 50 2265 302 604 35986
106.0 150 798 50 100 349 449 150 2445 50 1846 1547 200 599 50 2145 5837 698 50 848 6386 50 200 100 1297 2145 50 1596 2295 50 2245 299 599 35671
107.0 148 791 49 99 346 445 148 2423 49 1830 1533 198 593 49 2126 5786 692 49 841 6330 49 198 99 1286 2126 49 1582 2275 49 2225 297 593 35358
108.0 147 784 49 98 343 441 147 2402 49 1814 1520 196 588 49 2108 5735 686 49 833 6274 49 196 98 1274 2108 49 1569 2255 49 2206 294 588 35049
109.0 146 777 49 97 340 437 146 2381 49 1798 1506 194 583 49 2089 5685 680 49 826 6220 49 194 97 1263 2089 49 1555 2235 49 2187 292 583 34742
110.0 144 771 48 96 337 433 144 2360 48 1782 1493 193 578 48 2071 5635 674 48 819 6165 48 193 96 1252 2071 48 1541 2216 48 2167 289 578 34438
111.0 143 764 48 95 334 430 143 2339 48 1767 1480 191 573 48 2053 5586 668 48 812 6111 48 191 95 1241 2053 48 1528 2196 48 2148 286 573 34137
112.0 142 757 47 95 331 426 142 2319 47 1751 1467 189 568 47 2035 5537 663 47 805 6058 47 189 95 1230 2035 47 1514 2177 47 2130 284 568 33838
113.0 141 751 47 94 328 422 141 2299 47 1736 1454 188 563 47 2017 5489 657 47 798 6005 47 188 94 1220 2017 47 1501 2158 47 2111 281 563 33543
114.0 140 744 47 93 326 419 140 2279 47 1721 1442 186 558 47 2000 5441 651 47 791 5952 47 186 93 1209 2000 47 1488 2139 47 2093 279 558 33250
115.0 138 738 46 92 323 415 138 2259 46 1706 1429 184 553 46 1982 5393 645 46 784 5901 46 184 92 1199 1982 46 1475 2120 46 2074 277 553 32960
116.0 137 731 46 91 320 411 137 2239 46 1691 1417 183 548 46 1965 5346 640 46 777 5849 46 183 91 1188 1965 46 1462 2102 46 2056 274 548 32672
117.0 136 725 45 91 317 408 136 2220 45 1676 1404 181 544 45 1948 5300 634 45 770 5798 45 181 91 1178 1948 45 1450 2084 45 2038 272 544 32388
118.0 135 718 45 90 314 404 135 2200 45 1661 1392 180 539 45 1931 5254 629 45 763 5748 45 180 90 1167 1931 45 1437 2066 45 2021 269 539 32105
119.0 134 712 45 89 312 401 134 2181 45 1647 1380 178 534 45 1914 5208 623 45 757 5697 45 178 89 1157 1914 45 1424 2048 45 2003 267 534 31826
120.0 132 706 44 88 309 397 132 2162 44 1633 1368 176 529 44 1897 5163 618 44 750 5648 44 176 88 1147 1897 44 1412 2030 44 1986 265 529 31549
121.0 131 700 44 87 306 394 131 2143 44 1618 1356 175 525 44 1881 5118 612 44 744 5599 44 175 87 1137 1881 44 1400 2012 44 1968 262 525 31274
122.0 130 694 43 87 304 390 130 2125 43 1604 1344 173 520 43 1864 5073 607 43 737 5550 43 173 87 1127 1864 43 1388 1995 43 1951 260 520 31002
123.0 129 688 43 86 301 387 129 2106 43 1590 1332 172 516 43 1848 5029 602 43 731 5502 43 172 86 1118 1848 43 1375 1977 43 1934 258 516 30732
124.0 128 682 43 85 298 383 128 2088 43 1577 1321 170 511 43 1832 4985 597 43 724 5454 43 170 85 1108 1832 43 1363 1960 43 1917 256 511 30465
125.0 127 676 42 84 296 380 127 2070 42 1563 1309 169 507 42 1816 4942 591 42 718 5407 42 169 84 1098 1816 42 1352 1943 42 1901 253 507 30201
126.0 126 670 42 84 293 377 126 2052 42 1549 1298 167 502 42 1800 4899 586 42 712 5360 42 167 84 1089 1800 42 1340 1926 42 1884 251 502 29938
127.0 125 664 42 83 291 374 125 2034 42 1536 1287 166 498 42 1785 4856 581 42 706 5313 42 166 83 1079 1785 42 1328 1909 42 1868 249 498 29678
128.0 123 658 41 82 288 370 123 2016 41 1522 1276 165 494 41 1769 4814 576 41 700 5267 41 165 82 1070 1769 41 1317 1893 41 1852 247 494 29421
129.0 122 653 41 82 286 367 122 1999 41 1509 1265 163 489 41 1754 4773 571 41 693 5221 41 163 82 1061 1754 41 1305 1876 41 1836 245 489 29165
130.0 121 647 40 81 283 364 121 1981 40 1496 1254 162 485 40 1739 4731 566 40 687 5176 40 162 81 1051 1739 40 1294 1860 40 1820 243 485 28912
131.0 120 641 40 80 281 361 120 1964 40 1483 1243 160 481 40 1724 4690 561 40 681 5131 40 160 80 1042 1724 40 1283 1844 40 1804 241 481 28662
132.0 119 636 40 79 278 358 119 1947 40 1470 1232 159 477 40 1709 4649 556 40 676 5087 40 159 79 1033 1709 40 1272 1828 40 1788 238 477 28413
133.0 118 630 39 79 276 355 118 1930 39 1458 1221 158 473 39 1694 4609 552 39 670 5042 39 158 79 1024 1694 39 1261 1812 39 1773 236 473 28167
134.0 117 625 39 78 273 351 117 1914 39 1445 1211 156 469 39 1679 4569 547 39 664 4999 39 156 78 1015 1679 39 1250 1796 39 1757 234 469 27923
135.0 116 619 39 77 271 348 116 1897 39 1432 1200 155 465 39 1665 4530 542 39 658 4955 39 155 77 1007 1665 39 1239 1781 39 1742 232 465 27681
136.0 115 614 38 77 269 345 115 1881 38 1420 1190 154 461 38 1650 4490 537 38 652 4913 38 154 77 998 1650 38 1228 1765 38 1727 230 461 27441
137.0 114 609 38 76 266 342 114 1864 38 1408 1179 152 457 38 1636 4452 533 38 647 4870 38 152 76 989 1636 38 1218 1750 38 1712 228 457 27204
138.0 113 603 38 75 264 339 113 1848 38 1396 1169 151 453 38 1622 4413 528 38 641 4828 38 151 75 981 1622 38 1207 1735 38 1697 226 453 26968
139.0 112 598 37 75 262 337 112 1832 37 1383 1159 150 449 37 1608 4375 523 37 636 4786 37 150 75 972 1608 37 1197 1720 37 1683 224 449 26735
140.0 111 593 37 74 259 334 111 1816 37 1372 1149 148 445 37 1594 4337 519 37 630 4745 37 148 74 964 1594 37 1186 1705 37 1668 222 445 26504
141.0 110 588 37 73 257 331 110 1801 37 1360 1139 147 441 37 1580 4299 514 37 625 4704 37 147 73 955 1580 37 1176 1690 37 1654 220 441 26274
142.0 109 583 36 73 255 328 109 1785 36 1348 1129 146 437 36 1566 4262 510 36 619 4663 36 146 73 947 1566 36 1166 1676 36 1639 219 437 26047
143.0 108 578 36 72 253 325 108 1770 36 1336 1120 144 433 36 1553 4225 506 36 614 4623 36 144 72 939 1553 36 1156 1661 36 1625 217 433 25822
144.0 107 573 36 72 251 322 107 1754 36 1325 1110 143 430 36 1540 4189 501 36 609 4583 36 143 72 931 1540 36 1146 1647 36 1611 215 430 25599
145.0 106 568 35 71 248 319 106 1739 35 1313 1100 142 426 35 1526 4153 497 35 603 4543 35 142 71 923 1526 35 1136 1633 35 1597 213 426 25378
146.0 106 563 35 70 246 317 106 1724 35 1302 1091 141 422 35 1513 4117 493 35 598 4504 35 141 70 915 1513 35 1126 1619 35 1583 211 422 25158
147.0 105 558 35 70 244 314 105 1709 35 1291 1081 140 419 35 1500 4081 488 35 593 4465 35 140 70 907 1500 35 1116 1605 35 1570 209 419 24941
148.0 104 553 35 69 242 311 104 1694 35 1280 1072 138 415 35 1487 4046 484 35 588 4426 35 138 69 899 1487 35 1107 1591 35 1556 207 415 24726
149.0 103 549 34 69 240 309 103 1680 34 1268 1063 137 411 34 1474 4011 480 34 583 4388 34 137 69 891 1474 34 1097 1577 34 1543 206 411 24512
150.0 102 544 34 68 238 306 102 1665 34 1258 1054 136 408 34 1461 3976 476 34 578 4350 34 136 68 884 1461 34 1088 1563 34 1529 204 408 24300
151.0 101 539 34 67 236 303 101 1651 34 1247 1044 135 404 34 1449 3942 472 34 573 4313 34 135 67 876 1449 34 1078 1550 34 1516 202 404 24091
152.0 100 534 33 67 234 301 100 1637 33 1236 1035 134 401 33 1436 3908 468 33 568 4275 33 134 67 868 1436 33 1069 1537 33 1503 200 401 23883
153.0 99 530 33 66 232 298 99 1623 33 1225 1027 132 397 33 1424 3874 464 33 563 4239 33 132 66 861 1424 33 1060 1523 33 1490 199 397 23677
154.0 98 525 33 66 230 295 98 1609 33 1215 1018 131 394 33 1412 3841 460 33 558 4202 33 131 66 854 1412 33 1051 1510 33 1477 197 394 23472
155.0 98 521 33 65 228 293 98 1595 33 1204 1009 130 391 33 1399 3808 456 33 553 4166 33 130 65 846 1399 33 1041 1497 33 1465 195 391 23270
156.0 97 516 32 65 226 290 97 1581 32 1194 1000 129 387 32 1387 3775 452 32 548 4130 32 129 65 839 1387 32 1032 1484 32 1452 194 387 23069
157.0 96 512 32 64 224 288 96 1567 32 1183 992 128 384 32 1375 3742 448 32 544 4094 32 128 64 832 1375 32 1024 1471 32 1439 192 384 22870
158.0 95 507 32 63 222 285 95 1554 32 1173 983 127 381 32 1364 3710 444 32 539 4059 32 127 63 824 1364 32 1015 1459 32 1427 190 381 22673
159.0 94 503 31 63 220 283 94 1540 31 1163 975 126 377 31 1352 3678 440 31 534 4024 31 126 63 817 1352 31 1006 1446 31 1415 189 377 22477
160.0 93 499 31 62 218 280 93 1527 31 1153 966 125 374 31 1340 3646 436 31 530 3989 31 125 62 810 1340 31 997 1434 31 1402 187 374 22283
161.0 93 494 31 62 216 278 93 1514 31 1143 958 124 371 31 1329 3615 433 31 525 3955 31 124 62 803 1329 31 989 1421 31 1390 185 371 22091
162.0 92 490 31 61 214 276 92 1501 31 1133 950 123 368 31 1317 3584 429 31 521 3921 31 123 61 796 1317 31 980 1409 31 1378 184 368 21901
163.0 91 486 30 61 213 273 91 1488 30 1124 941 121 364 30 1306 3553 425 30 516 3887 30 121 61 790 1306 30 972 1397 30 1366 182 364 21712
164.0 90 482 30 60 211 271 90 1475 30 1114 933 120 361 30 1295 3522 421 30 512 3853 30 120 60 783 1295 30 963 1385 30 1355 181 361 21525
165.0 90 478 30 60 209 269 90 1462 30 1104 925 119 358 30 1283 3492 418 30 507 3820 30 119 60 776 1283 30 955 1373 30 1343 179 358 21339
166.0 89 473 30 59 207 266 89 1450 30 1095 917 118 355 30 1272 3462 414 30 503 3787 30 118 59 769 1272 30 947 1361 30 1331 178 355 21156
167.0 88 469 29 59 205 264 88 1437 29 1085 909 117 352 29 1261 3432 411 29 499 3755 29 117 59 763 1261 29 939 1349 29 1320 176 352 20973
168.0 87 465 29 58 204 262 87 1425 29 1076 901 116 349 29 1250 3402 407 29 494 3722 29 116 58 756 1250 29 931 1338 29 1309 174 349 20793
169.0 86 461 29 58 202 259 86 1413 29 1067 894 115 346 29 1240 3373 404 29 490 3690 29 115 58 750 1240 29 923 1326 29 1297 173 346 20613
170.0 86 457 29 57 200 257 86 1401 29 1058 886 114 343 29 1229 3344 400 29 486 3658 29 114 57 743 1229 29 915 1315 29 1286 171 343 20436
171.0 85 453 28 57 198 255 85 1388 28 1048 878 113 340 28 1218 3315 397 28 482 3627 28 113 57 737 1218 28 907 1303 28 1275 170 340 20260
172.0 84 449 28 56 197 253 84 1376 28 1039 871 112 337 28 1208 3287 393 28 478 3596 28 112 56 730 1208 28 899 1292 28 1264 169 337 20085
173.0 84 446 28 56 195 251 84 1365 28 1030 863 111 334 28 1198 3258 390 28 473 3565 28 111 56 724 1198 28 891 1281 28 1253 167 334 19912
174.0 83 442 28 55 193 248 83 1353 28 1022 856 110 331 28 1187 3230 387 28 469 3534 28 110 55 718 1187 28 884 1270 28 1242 166 331 19741
175.0 82 438 27 55 192 246 82 1341 27 1013 849 109 328 27 1177 3203 383 27 465 3504 27 109 55 712 1177 27 876 1259 27 1232 164 328 19571
176.0 81 434 27 54 190 244 81 1330 27 1004 841 109 326 27 1167 3175 380 27 461 3473 27 109 54 706 1167 27 868 1248 27 1221 163 326 19403
177.0 81 430 27 54 188 242 81 1318 27 995 834 108 323 27 1157 3148 377 27 457 3444 27 108 54 699 1157 27 861 1238 27 1211 161 323 19235
178.0 80 427 27 53 187 240 80 1307 27 987 827 107 320 27 1147 3121 373 27 453 3414 27 107 53 693 1147 27 853 1227 27 1200 160 320 19070
179.0 79 423 26 53 185 238 79 1296 26 978 820 106 317 26 1137 3094 370 26 450 3385 26 106 53 687 1137 26 846 1216 26 1190 159 317 18906
180.0 79 419 26 52 183 236 79 1284 26 970 813 105 315 26 1127 3067 367 26 446 3355 26 105 52 682 1127 26 839 1206 26 1180 157 315 18743
181.0 78 416 26 52 182 234 78 1273 26 962 806 104 312 26 1117 3041 364 26 442 3327 26 104 52 676 1117 26 832 1195 26 1169 156 312 18582
182.0 77 412 26 52 180 232 77 1262 26 953 799 103 309 26 1108 3014 361 26 438 3298 26 103 52 670 1108 26 824 1185 26 1159 155 309 18422
183.0 77 409 26 51 179 230 77 1252 26 945 792 102 307 26 1098 2989 358 26 434 3269 26 102 51 664 1098 26 817 1175 26 1149 153 307 18263
184.0 76 405 25 51 177 228 76 1241 25 937 785 101 304 25 1089 2963 355 25 430 3241 25 101 51 658 1089 25 810 1165 25 1140 152 304 18106
185.0 75 402 25 50 176 226 75 1230 25 929 778 100 301 25 1080 2937 351 25 427 3213 25 100 50 653 1080 25 803 1155 25 1130 151 301 17950
186.0 75 398 25 50 174 224 75 1220 25 921 772 100 299 25 1070 2912 348 25 423 3186 25 100 50 647 1070 25 796 1145 25 1120 149 299 17796
187.0 74 395 25 49 173 222 74 1209 25 913 765 99 296 25 1061 2887 345 25 419 3158 25 99 49 642 1061 25 790 1135 25 1110 148 296 17643
188.0 73 391 24 49 171 220 73 1199 24 905 758 98 294 24 1052 2862 342 24 416 3131 24 98 49 636 1052 24 783 1125 24 1101 147 294 17491
189.0 73 388 24 49 170 218 73 1188 24 897 752 97 291 24 1043 2838 340 24 412 3104 24 97 49 631 1043 24 776 1116 24 1091 146 291 17340
190.0 72 385 24 48 168 216 72 1178 24 890 745 96 289 24 1034 2813 337 24 409 3078 24 96 48 625 1034 24 769 1106 24 1082 144 289 17191
191.0 72 381 24 48 167 215 72 1168 24 882 739 95 286 24 1025 2789 334 24 405 3051 24 95 48 620 1025 24 763 1096 24 1073 143 286 17043
192.0 71 378 24 47 165 213 71 1158 24 874 733 95 284 24 1016 2765 331 24 402 3025 24 95 47 614 1016 24 756 1087 24 1063 142 284 16897
193.0 70 375 23 47 164 211 70 1148 23 867 726 94 281 23 1007 2741 328 23 398 2999 23 94 47 609 1007 23 750 1078 23 1054 141 281 16751
194.0 70 372 23 46 163 209 70 1138 23 859 720 93 279 23 999 2718 325 23 395 2973 23 93 46 604 999 23 743 1068 23 1045 139 279 16607
195.0 69 368 23 46 161 207 69 1128 23 852 714 92 276 23 990 2694 322 23 391 2947 23 92 46 599 990 23 737 1059 23 1036 138 276 16464
196.0 68 365 23 46 160 205 68 1119 23 845 708 91 274 23 982 2671 320 23 388 2922 23 91 46 594 982 23 731 1050 23 1027 137 274 16323
197.0 68 362 23 45 158 204 68 1109 23 837 702 91 272 23 973 2648 317 23 385 2897 23 91 45 588 973 23 724 1041 23 1018 136 272 16182
198.0 67 359 22 45 157 202 67 1099 22 830 696 90 269 22 965 2625 314 22 381 2872 22 90 45 583 965 22 718 1032 22 1010 135 269 16043
199.0 67 356 22 44 156 200 67 1090 22 823 690 89 267 22 957 2603 311 22 378 2847 22 89 44 578 957 22 712 1023 22 1001 133 267 15905
200.0 66 353 22 44 154 198 66 1081 22 816 684 88 265 22 948 2580 309 22 375 2823 22 88 44 573 948 22 706 1014 22 992 132 265 15768
201.0 66 350 22 44 153 197 66 1071 22 809 678 87 262 22 940 2558 306 22 372 2799 22 87 44 568 940 22 700 1006 22 984 131 262 15633
202.0 65 347 22 43 152 195 65 1062 22 802 672 87 260 22 932 2536 303 22 368 2775 22 87 43 564 932 22 694 997 22 975 130 260 15498
203.0 64 344 21 43 150 193 64 1053 21 795 666 86 258 21 924 2514 301 21 365 2751 21 86 43 559 924 21 688 989 21 967 129 258 15365
204.0 64 341 21 43 149 192 64 1044 21 788 660 85 256 21 916 2493 298 21 362 2727 21 85 43 554 916 21 682 980 21 959 128 256 15233
205.0 63 338 21 42 148 190 63 1035 21 782 655 84 253 21 908 2471 296 21 359 2704 21 84 42 549 908 21 676 972 21 950 127 253 15102
206.0 63 335 21 42 147 188 63 1026 21 775 649 84 251 21 900 2450 293 21 356 2680 21 84 42 544 900 21 670 963 21 942 126 251 14972
207.0 62 332 21 42 145 187 62 1017 21 768 644 83 249 21 893 2429 291 21 353 2657 21 83 42 540 893 21 664 955 21 934 125 249 14843
208.0 62 329 21 41 144 185 62 1008 21 762 638 82 247 21 885 2408 288 21 350 2634 21 82 41 535 885 21 659 947 21 926 123 247 14716
209.0 61 326 20 41 143 184 61 1000 20 755 633 82 245 20 877 2387 286 20 347 2612 20 82 41 531 877 20 653 939 20 918 122 245 14589
210.0 61 324 20 40 142 182 61 991 20 748 627 81 243 20 870 2367 283 20 344 2589 20 81 40 526 870 20 647 931 20 910 121 243 14464
211.0 60 321 20 40 140 180 60 983 20 742 622 80 241 20 862 2346 281 20 341 2567 20 80 40 521 862 20 642 923 20 902 120 241 14339
212.0 60 318 20 40 139 179 60 974 20 736 616 80 239 20 855 2326 278 20 338 2545 20 80 40 517 855 20 636 915 20 895 119 239 14216
213.0 59 315 20 39 138 177 59 966 20 729 611 79 237 20 848 2306 276 20 335 2523 20 79 39 513 848 20 631 907 20 887 118 237 14094
214.0 59 313 20 39 137 176 59 958 20 723 606 78 235 20 840 2286 274 20 332 2501 20 78 39 508 840 20 625 899 20 879 117 235 13973
215.0 58 310 19 39 136 174 58 949 19 717 601 77 232 19 833 2267 271 19 329 2480 19 77 39 504 833 19 620 891 19 872 116 232 13853
216.0 58 307 19 38 134 173 58 941 19 711 595 77 230 19 826 2247 269 19 327 2459 19 77 38 499 826 19 615 884 19 864 115 230 13734
217.0 57 305 19 38 133 171 57 933 19 705 590 76 229 19 819 2228 267 19 324 2437 19 76 38 495 819 19 609 876 19 857 114 229 13616
218.0 57 302 19 38 132 170 57 925 19 699 585 76 227 19 812 2209 264 19 321 2417 19 76 38 491 812 19 604 868 19 850 113 227 13499
219.0 56 299 19 37 131 168 56 917 19 693 580 75 225 19 805 2190 262 19 318 2396 19 75 37 487 805 19 599 861 19 842 112 225 13382
220.0 56 297 19 37 130 167 56 909 19 687 575 74 223 19 798 2171 260 19 315 2375 19 74 37 482 798 19 594 854 19 835 111 223 13267
221.0 55 294 18 37 129 166 55 901 18 681 570 74 221 18 791 2152 258 18 313 2355 18 74 37 478 791 18 589 846 18 828 110 221 13153
222.0 55 292 18 36 128 164 55 894 18 675 565 73 219 18 784 2134 255 18 310 2334 18 73 36 474 784 18 584 839 18 821 109 219 13040
223.0 54 289 18 36 127 163 54 886 18 669 561 72 217 18 778 2116 253 18 307 2314 18 72 36 470 778 18 579 832 18 814 108 217 12928
224.0 54 287 18 36 125 161 54 878 18 663 556 72 215 18 771 2097 251 18 305 2295 18 72 36 466 771 18 574 825 18 807 108 215 12817
225.0 53 284 18 36 124 160 53 871 18 658 551 71 213 18 764 2079 249 18 302 2275 18 71 36 462 764 18 569 818 18 800 107 213 12707
226.0 53 282 18 35 123 159 53 863 18 652 546 70 211 18 758 2061 247 18 300 2255 18 70 35 458 758 18 564 810 18 793 106 211 12598
227.0 52 279 17 35 122 157 52 856 17 646 542 70 210 17 751 2044 245 17 297 2236 17 70 35 454 751 17 559 804 17 786 105 210 12489
228.0 52 277 17 35 121 156 52 849 17 641 537 69 208 17 745 2026 242 17 294 2217 17 69 35 450 745 17 554 797 17 779 104 208 12382
229.0 52 275 17 34 120 155 52 841 17 635 532 69 206 17 738 2009 240 17 292 2198 17 69 34 446 738 17 549 790 17 773 103 206 12276
230.0 51 272 17 34 119 153 51 834 17 630 528 68 204 17 732 1991 238 17 289 2179 17 68 34 443 732 17 545 783 17 766 102 204 12170
231.0 51 270 17 34 118 152 51 827 17 624 523 67 202 17 726 1974 236 17 287 2160 17 67 34 439 726 17 540 776 17 759 101 202 12066
232.0 50 268 17 33 117 151 50 820 17 619 519 67 201 17 719 1957 234 17 284 2141 17 67 33 435 719 17 535 770 17 753 100 201 11962
233.0 50 265 17 33 116 149 50 813 17 614 514 66 199 17 713 1941 232 17 282 2123 17 66 33 431 713 17 531 763 17 746 100 199 11859
234.0 49 263 16 33 115 148 49 806 16 608 510 66 197 16 707 1924 230 16 280 2105 16 66 33 428 707 16 526 756 16 740 99 197 11757
235.0 49 261 16 33 114 147 49 799 16 603 505 65 196 16 701 1907 228 16 277 2087 16 65 33 424 701 16 522 750 16 734 98 196 11656
236.0 48 259 16 32 113 145 48 792 16 598 501 65 194 16 695 1891 226 16 275 2069 16 65 32 420 695 16 517 743 16 727 97 194 11556
237.0 48 256 16 32 112 144 48 785 16 593 497 64 192 16 689 1875 224 16 272 2051 16 64 32 417 689 16 513 737 16 721 96 192 11457
238.0 48 254 16 32 111 143 48 778 16 588 492 64 191 16 683 1859 222 16 270 2033 16 64 32 413 683 16 508 731 16 715 95 191 11358
239.0 47 252 16 31 110 142 47 772 16 583 488 63 189 16 677 1843 220 16 268 2016 16 63 31 409 677 16 504 724 16 709 94 189 11261
240.0 47 250 16 31 109 141 47 765 16 578 484 62 187 16 671 1827 219 16 265 1999 16 62 31 406 671 16 500 718 16 703 94 187 11164
241.0 46 248 15 31 108 139 46 758 15 573 480 62 186 15 666 1811 217 15 263 1981 15 62 31 402 666 15 495 712 15 697 93 186 11068
242.0 46 246 15 31 107 138 46 752 15 568 476 61 184 15 660 1796 215 15 261 1964 15 61 31 399 660 15 491 706 15 691 92 184 10973
243.0 46 243 15 30 107 137 46 746 15 563 472 61 183 15 654 1780 213 15 259 1947 15 61 30 396 654 15 487 700 15 685 91 183 10878
244.0 45 241 15 30 106 136 45 739 15 558 468 60 181 15 649 1765 211 15 256 1931 15 60 30 392 649 15 483 694 15 679 91 181 10785
245.0 45 239 15 30 105 135 45 733 15 553 464 60 179 15 643 1750 209 15 254 1914 15 60 30 389 643 15 479 688 15 673 90 179 10692
246.0 44 237 15 30 104 133 44 726 15 549 460 59 178 15 638 1735 208 15 252 1898 15 59 30 385 638 15 474 682 15 667 89 178 10600
247.0 44 235 15 29 103 132 44 720 15 544 456 59 176 15 632 1720 206 15 250 1881 15 59 29 382 632 15 470 676 15 661 88 176 10509
248.0 44 233 15 29 102 131 44 714 15 539 452 58 175 15 627 1705 204 15 248 1865 15 58 29 379 627 15 466 670 15 656 87 175 10419
249.0 43 231 14 29 101 130 43 708 14 535 448 58 173 14 621 1690 202 14 246 1849 14 58 29 376 621 14 462 665 14 650 87 173 10329
250.0 43 229 14 29 100 129 43 702 14 530 444 57 172 14 616 1676 201 14 243 1833 14 57 29 372 616 14 458 659 14 645 86 172 10241
251.0 43 227 14 28 99 128 43 696 14 525 440 57 170 14 611 1661 199 14 241 1818 14 57 28 369 611 14 454 653 14 639 85 170 10153
252.0 42 225 14 28 99 127 42 690 14 521 436 56 169 14 605 1647 197 14 239 1802 14 56 28 366 605 14 450 648 14 633 84 169 10065
253.0 42 223 14 28 98 126 42 684 14 516 433 56 167 14 600 1633 195 14 237 1786 14 56 28 363 600 14 447 642 14 628 84 167 9979
254.0 42 221 14 28 97 125 42 678 14 512 429 55 166 14 595 1619 194 14 235 1771 14 55 28 360 595 14 443 636 14 623 83 166 9893
255.0 41 219 14 27 96 123 41 672 14 508 425 55 165 14 590 1605 192 14 233 1756 14 55 27 357 590 14 439 631 14 617 82 165 9808
256.0 41 218 14 27 95 122 41 666 14 503 422 54 163 14 585 1591 190 14 231 1741 14 54 27 354 585 14 435 626 14 612 82 163 9724
257.0 40 216 13 27 94 121 40 661 13 499 418 54 162 13 580 1578 189 13 229 1726 13 54 27 351 580 13 431 620 13 607 81 162 9640
258.0 40 214 13 27 94 120 40 655 13 495 414 53 160 13 575 1564 187 13 227 1711 13 53 27 348 575 13 428 615 13 602 80 160 9557
259.0 40 212 13 27 93 119 40 649 13 490 411 53 159 13 570 1551 186 13 225 1696 13 53 27 345 570 13 424 610 13 596 80 159 9475
260.0 39 210 13 26 92 118 39 644 13 486 407 53 158 13 565 1537 184 13 223 1682 13 53 26 342 565 13 420 604 13 591 79 158 9394
261.0 39 208 13 26 91 117 39 638 13 482 404 52 156 13 560 1524 182 13 221 1667 13 52 26 339 560 13 417 599 13 586 78 156 9313
262.0 39 207 13 26 90 116 39 633 13 478 400 52 155 13 555 1511 181 13 220 1653 13 52 26 336 555 13 413 594 13 581 77 155 9233
263.0 38 205 13 26 90 115 38 627 13 474 397 51 154 13 551 1498 179 13 218 1639 13 51 26 333 551 13 410 589 13 576 77 154 9154
264.0 38 203 13 25 89 114 38 622 13 470 393 51 152 13 546 1485 178 13 216 1625 13 51 25 330 546 13 406 584 13 571 76 152 9075
265.0 38 201 13 25 88 113 38 617 13 466 390 50 151 13 541 1472 176 13 214 1611 13 50 25 327 541 13 403 579 13 566 76 151 8997
266.0 37 200 12 25 87 112 37 611 12 462 387 50 150 12 536 1460 175 12 212 1597 12 50 25 324 536 12 399 574 12 561 75 150 8920
267.0 37 198 12 25 87 111 37 606 12 458 383 49 148 12 532 1447 173 12 210 1583 12 49 25 322 532 12 396 569 12 557 74 148 8843
268.0 37 196 12 25 86 110 37 601 12 454 380 49 147 12 527 1435 172 12 208 1570 12 49 25 319 527 12 392 564 12 552 74 147 8767
269.0 36 195 12 24 85 109 36 596 12 450 377 49 146 12 523 1422 170 12 207 1556 12 49 24 316 523 12 389 559 12 547 73 146 8692
270.0 36 193 12 24 84 108 36 591 12 446 374 48 145 12 518 1410 169 12 205 1543 12 48 24 313 518 12 386 554 12 542 72 145 8617
271.0 36 191 12 24 84 108 36 585 12 442 370 48 143 12 514 1398 167 12 203 1529 12 48 24 311 514 12 382 550 12 538 72 143 8543
272.0 36 190 12 24 83 107 36 580 12 438 367 47 142 12 509 1386 166 12 201 1516 12 47 24 308 509 12 379 545 12 533 71 142 8470
273.0 35 188 12 23 82 106 35 575 12 435 364 47 141 12 505 1374 164 12 200 1503 12 47 23 305 505 12 376 540 12 528 70 141 8397
274.0 35 186 12 23 82 105 35 571 12 431 361 47 140 12 501 1362 163 12 198 1490 12 47 23 303 501 12 373 536 12 524 70 140 8325
275.0 35 185 12 23 81 104 35 566 12 427 358 46 139 12 496 1351 162 12 196 1478 12 46 23 300 496 12 369 531 12 519 69 139 8253
276.0 34 183 11 23 80 103 34 561 11 423 355 46 137 11 492 1339 160 11 195 1465 11 46 23 298 492 11 366 526 11 515 69 137 8182
277.0 34 182 11 23 79 102 34 556 11 420 352 45 136 11 488 1327 159 11 193 1452 11 45 23 295 488 11 363 522 11 511 68 136 8112
278.0 34 180 11 22 79 101 34 551 11 416 349 45 135 11 484 1316 157 11 191 1440 11 45 22 292 484 11 360 517 11 506 67 135 8042
279.0 33 178 11 22 78 100 33 546 11 413 346 45 134 11 480 1305 156 11 190 1427 11 45 22 290 480 11 357 513 11 502 67 134 7973
280.0 33 177 11 22 77 100 33 542 11 409 343 44 133 11 475 1294 155 11 188 1415 11 44 22 287 475 11 354 509 11 498 66 133 7905
281.0 33 175 11 22 77 99 33 537 11 406 340 44 132 11 471 1282 153 11 186 1403 11 44 22 285 471 11 351 504 11 493 66 132 7837
282.0 33 174 11 22 76 98 33 532 11 402 337 43 130 11 467 1271 152 11 185 1391 11 43 22 283 467 11 348 500 11 489 65 130 7769
283.0 32 172 11 22 75 97 32 528 11 399 334 43 129 11 463 1260 151 11 183 1379 11 43 22 280 463 11 345 496 11 485 65 129 7703
284.0 32 171 11 21 75 96 32 523 11 395 331 43 128 11 459 1250 150 11 182 1367 11 43 21 278 459 11 342 491 11 481 64 128 7637
285.0 32 169 11 21 74 95 32 519 11 392 328 42 127 11 455 1239 148 11 180 1355 11 42 21 275 455 11 339 487 11 476 64 127 7571
286.0 31 168 10 21 73 94 31 514 10 388 325 42 126 10 451 1228 147 10 178 1344 10 42 21 273 451 10 336 483 10 472 63 126 7506
287.0 31 167 10 21 73 94 31 510 10 385 323 42 125 10 448 1218 146 10 177 1332 10 42 21 271 448 10 333 479 10 468 62 125 7441
288.0 31 165 10 21 72 93 31 506 10 382 320 41 124 10 444 1207 144 10 175 1321 10 41 21 268 444 10 330 475 10 464 62 124 7377
289.0 31 164 10 20 72 92 31 501 10 378 317 41 123 10 440 1197 143 10 174 1309 10 41 20 266 440 10 327 471 10 460 61 123 7314
290.0 30 162 10 20 71 91 30 497 10 375 314 41 122 10 436 1187 142 10 172 1298 10 41 20 264 436 10 325 467 10 456 61 122 7251
291.0 30 161 10 20 70 90 30 493 10 372 312 40 121 10 432 1176 141 10 171 1287 10 40 20 261 432 10 322 463 10 452 60 121 7189
292.0 30 159 10 20 70 90 30 488 10 369 309 40 120 10 429 1166 140 10 169 1276 10 40 20 259 429 10 319 459 10 449 60 120 7127
293.0 30 158 10 20 69 89 30 484 10 366 306 40 119 10 425 1156 138 10 168 1265 10 40 20 257 425 10 316 455 10 445 59 119 7066
294.0 29 157 10 20 69 88 29 480 10 363 304 39 118 10 421 1146 137 10 167 1254 10 39 20 255 421 10 314 451 10 441 59 118 7005
295.0 29 155 10 19 68 87 29 476 10 359 301 39 117 10 418 1136 136 10 165 1243 10 39 19 253 418 10 311 447 10 437 58 117 6945
296.0 29 154 10 19 67 87 29 472 10 356 299 39 116 10 414 1127 135 10 164 1233 10 39 19 250 414 10 308 443 10 433 58 116 6885
297.0 29 153 10 19 67 86 29 468 10 353 296 38 115 10 411 1117 134 10 162 1222 10 38 19 248 411 10 306 439 10 430 57 115 6826
298.0 28 151 9 19 66 85 28 464 9 350 293 38 114 9 407 1107 133 9 161 1212 9 38 19 246 407 9 303 435 9 426 57 114 6768
299.0 28 150 9 19 66 84 28 460 9 347 291 38 113 9 403 1098 131 9 160 1201 9 38 19 244 403 9 300 432 9 422 56 113 6709
300.0 28 149 9 19 65 84 28 456 9 344 288 37 112 9 400 1088 130 9 158 1191 9 37 19 242 400 9 298 428 9 419 56 112 6652
301.0 28 148 9 18 65 83 28 452 9 341 286 37 111 9 397 1079 129 9 157 1181 9 37 18 240 397 9 295 424 9 415 55 111 6595
302.0 27 146 9 18 64 82 27 448 9 338 283 37 110 9 393 1070 128 9 155 1170 9 37 18 238 393 9 293 421 9 411 55 110 6538
303.0 27 145 9 18 63 82 27 444 9 335 281 36 109 9 390 1061 127 9 154 1160 9 36 18 236 390 9 290 417 9 408 54 109 6482
304.0 27 144 9 18 63 81 27 440 9 333 279 36 108 9 386 1052 126 9 153 1150 9 36 18 234 386 9 288 413 9 404 54 108 6426
305.0 27 143 9 18 62 80 27 437 9 330 276 36 107 9 383 1042 125 9 151 1141 9 36 18 232 383 9 285 410 9 401 53 107 6371
306.0 27 141 9 18 62 80 27 433 9 327 274 35 106 9 380 1034 124 9 150 1131 9 35 18 230 380 9 283 406 9 398 53 106 6316
307.0 26 140 9 18 61 79 26 429 9 324 271 35 105 9 377 1025 123 9 149 1121 9 35 18 228 377 9 280 403 9 394 53 105 6262
308.0 26 139 9 17 61 78 26 425 9 321 269 35 104 9 373 1016 122 9 148 1111 9 35 17 226 373 9 278 399 9 391 52 104 6208
309.0 26 138 9 17 60 77 26 422 9 318 267 34 103 9 370 1007 121 9 146 1102 9 34 17 224 370 9 275 396 9 387 52 103 6155
310.0 26 137 9 17 60 77 26 418 9 316 265 34 102 9 367 998 119 9 145 1092 9 34 17 222 367 9 273 393 9 384 51 102 6102
311.0 25 135 8 17 59 76 25 415 8 313 262 34 102 8 364 990 118 8 144 1083 8 34 17 220 364 8 271 389 8 381 51 102 6049
312.0 25 134 8 17 59 75 25 411 8 310 260 34 101 8 361 981 117 8 143 1074 8 34 17 218 361 8 268 386 8 377 50 101 5997
313.0 25 133 8 17 58 75 25 407 8 308 258 33 100 8 358 973 116 8 141 1064 8 33 17 216 358 8 266 383 8 374 50 100 5946
314.0 25 132 8 16 58 74 25 404 8 305 256 33 99 8 355 965 115 8 140 1055 8 33 16 214 355 8 264 379 8 371 49 99 5895
315.0 25 131 8 16 57 74 25 401 8 302 253 33 98 8 351 956 114 8 139 1046 8 33 16 213 351 8 262 376 8 368 49 98 5844
316.0 24 130 8 16 57 73 24 397 8 300 251 32 97 8 348 948 113 8 138 1037 8 32 16 211 348 8 259 373 8 365 49 97 5794
317.0 24 129 8 16 56 72 24 394 8 297 249 32 96 8 345 940 112 8 137 1028 8 32 16 209 345 8 257 370 8 362 48 96 5744
318.0 24 127 8 16 56 72 24 390 8 295 247 32 96 8 342 932 112 8 135 1019 8 32 16 207 342 8 255 366 8 358 48 96 5695
319.0 24 126 8 16 55 71 24 387 8 292 245 32 95 8 340 924 111 8 134 1011 8 32 16 205 340 8 253 363 8 355 47 95 5646
320.0 23 125 8 16 55 70 23 384 8 290 243 31 94 8 337 916 110 8 133 1002 8 31 16 204 337 8 251 360 8 352 47 94 5597
321.0 23 124 8 16 54 70 23 380 8 287 241 31 93 8 334 908 109 8 132 993 8 31 16 202 334 8 248 357 8 349 47 93 5549
322.0 23 123 8 15 54 69 23 377 8 285 239 31 92 8 331 900 108 8 131 985 8 31 15 200 331 8 246 354 8 346 46 92 5502
323.0 23 122 8 15 53 69 23 374 8 282 236 31 92 8 328 893 107 8 130 976 8 31 15 198 328 8 244 351 8 343 46 92 5454
324.0 23 121 8 15 53 68 23 371 8 280 234 30 91 8 325 885 106 8 129 968 8 30 15 197 325 8 242 348 8 340 45 91 5407
325.0 22 120 7 15 52 67 22 367 7 277 232 30 90 7 322 877 105 7 127 960 7 30 15 195 322 7 240 345 7 337 45 90 5361
326.0 22 119 7 15 52 67 22 364 7 275 230 30 89 7 320 870 104 7 126 951 7 30 15 193 320 7 238 342 7 335 45 89 5315
327.0 22 118 7 15 52 66 22 361 7 273 228 29 88 7 317 862 103 7 125 943 7 29 15 192 317 7 236 339 7 332 44 88 5269
328.0 22 117 7 15 51 66 22 358 7 270 226 29 88 7 314 855 102 7 124 935 7 29 15 190 314 7 234 336 7 329 44 88 5224
329.0 22 116 7 14 51 65 22 355 7 268 225 29 87 7 311 847 101 7 123 927 7 29 14 188 311 7 232 333 7 326 43 87 5179
330.0 22 115 7 14 50 65 22 352 7 266 223 29 86 7 309 840 101 7 122 919 7 29 14 187 309 7 230 330 7 323 43 86 5135
331.0 21 114 7 14 50 64 21 349 7 263 221 28 85 7 306 833 100 7 121 911 7 28 14 185 306 7 228 327 7 320 43 85 5090
332.0 21 113 7 14 49 64 21 346 7 261 219 28 85 7 304 826 99 7 120 903 7 28 14 184 304 7 226 325 7 318 42 85 5047
333.0 21 112 7 14 49 63 21 343 7 259 217 28 84 7 301 819 98 7 119 896 7 28 14 182 301 7 224 322 7 315 42 84 5003
334.0 21 111 7 14 49 62 21 340 7 257 215 28 83 7 298 812 97 7 118 888 7 28 14 180 298 7 222 319 7 312 42 83 4960
335.0 21 110 7 14 48 62 21 337 7 254 213 28 83 7 296 805 96 7 117 880 7 28 14 179 296 7 220 316 7 310 41 83 4918
336.0 20 109 7 14 48 61 20 334 7 252 211 27 82 7 293 798 95 7 116 873 7 27 14 177 293 7 218 314 7 307 41 82 4875
337.0 20 108 7 14 47 61 20 331 7 250 210 27 81 7 291 791 95 7 115 865 7 27 14 176 291 7 216 311 7 304 41 81 4834
338.0 20 107 7 13 47 60 20 328 7 248 208 27 80 7 288 784 94 7 114 858 7 27 13 174 288 7 214 308 7 302 40 80 4792
339.0 20 106 7 13 47 60 20 326 7 246 206 27 80 7 286 777 93 7 113 851 7 27 13 173 286 7 213 306 7 299 40 80 4751
340.0 20 105 7 13 46 59 20 323 7 244 204 26 79 7 283 771 92 7 112 843 7 26 13 171 283 7 211 303 7 296 40 79 4710
341.0 20 104 7 13 46 59 20 320 7 242 202 26 78 7 281 764 91 7 111 836 7 26 13 170 281 7 209 300 7 294 39 78 4670
342.0 19 104 6 13 45 58 19 317 6 240 201 26 78 6 278 758 91 6 110 829 6 26 13 168 278 6 207 298 6 291 39 78 4629
343.0 19 103 6 13 45 58 19 315 6 238 199 26 77 6 276 751 90 6 109 822 6 26 13 167 276 6 205 295 6 289 39 77 4590
344.0 19 102 6 13 45 57 19 312 6 235 197 25 76 6 274 745 89 6 108 815 6 25 13 165 274 6 204 293 6 286 38 76 4550
345.0 19 101 6 13 44 57 19 309 6 233 196 25 76 6 271 738 88 6 107 808 6 25 13 164 271 6 202 290 6 284 38 76 4511
346.0 19 100 6 13 44 56 19 307 6 231 194 25 75 6 269 732 88 6 106 801 6 25 13 163 269 6 200 288 6 281 38 75 4472
347.0 19 99 6 12 43 56 19 304 6 229 192 25 74 6 267 726 87 6 105 794 6 25 12 161 267 6 198 285 6 279 37 74 4434
348.0 18 98 6 12 43 55 18 301 6 227 191 25 74 6 264 719 86 6 105 787 6 25 12 160 264 6 197 283 6 277 37 74 4396
349.0 18 98 6 12 43 55 18 299 6 226 189 24 73 6 262 713 85 6 104 780 6 24 12 158 262 6 195 280 6 274 37 73 4358
350.0 18 97 6 12 42 54 18 296 6 224 187 24 73 6 260 707 85 6 103 773 6 24 12 157 260 6 193 278 6 272 36 73 4321
351.0 18 96 6 12 42 54 18 294 6 222 186 24 72 6 258 701 84 6 102 767 6 24 12 156 258 6 192 276 6 270 36 72 4284
352.0 18 95 6 12 42 53 18 291 6 220 184 24 71 6 255 695 83 6 101 760 6 24 12 154 255 6 190 273 6 267 36 71 4247
353.0 18 94 6 12 41 53 18 289 6 218 183 24 71 6 253 689 82 6 100 754 6 24 12 153 253 6 188 271 6 265 35 71 4210
354.0 18 93 6 12 41 53 18 286 6 216 181 23 70 6 251 683 82 6 99 747 6 23 12 152 251 6 187 269 6 263 35 70 4174
355.0 17 93 6 12 41 52 17 284 6 214 179 23 69 6 249 677 81 6 98 741 6 23 12 150 249 6 185 266 6 260 35 69 4138
356.0 17 92 6 11 40 52 17 281 6 212 178 23 69 6 247 671 80 6 98 734 6 23 11 149 247 6 184 264 6 258 34 69 4103
357.0 17 91 6 11 40 51 17 279 6 210 176 23 68 6 245 666 80 6 97 728 6 23 11 148 245 6 182 262 6 256 34 68 4067
358.0 17 90 6 11 39 51 17 276 6 209 175 23 68 6 243 660 79 6 96 722 6 23 11 147 243 6 180 259 6 254 34 68 4032
359.0 17 89 6 11 39 50 17 274 6 207 173 22 67 6 240 654 78 6 95 716 6 22 11 145 240 6 179 257 6 252 34 67 3998
360.0 17 89 6 11 39 50 17 272 6 205 172 22 67 6 238 649 78 6 94 710 6 22 11 144 238 6 177 255 6 249 33 67 3963
361.0 16 88 5 11 38 49 16 269 5 203 170 22 66 5 236 643 77 5 93 703 5 22 11 143 236 5 176 253 5 247 33 66 3929
362.0 16 87 5 11 38 49 16 267 5 202 169 22 65 5 234 637 76 5 93 697 5 22 11 142 234 5 174 251 5 245 33 65 3896
363.0 16 86 5 11 38 49 16 265 5 200 167 22 65 5 232 632 76 5 92 691 5 22 11 140 232 5 173 248 5 243 32 65 3862
364.0 16 86 5 11 37 48 16 262 5 198 166 21 64 5 230 627 75 5 91 685 5 21 11 139 230 5 171 246 5 241 32 64 3829
365.0 16 85 5 11 37 48 16 260 5 196 165 21 64 5 228 621 74 5 90 680 5 21 11 138 228 5 170 244 5 239 32 64 3796
