Covid-19 Population Estimated by PSD Model @ CDS/IISc
Day AN AP AR AS BR CH CT DL GA GJ HR HP JK JH KA KL LA LD MP MH MN OR PY PB RJ SK TN TG TR UP UT WB Total
0.0 3 17 1 2 7 9 3 51 1 38 32 4 12 1 45 121 14 1 18 132 1 4 2 27 45 1 33 48 1 47 6 12 740
1.0 4 20 1 3 9 11 4 62 1 47 39 5 15 1 54 148 18 1 21 162 1 5 3 33 54 1 40 58 1 57 8 15 902
2.0 4 23 1 3 10 13 4 72 1 54 45 6 18 1 63 171 20 1 25 187 1 6 3 38 63 1 47 67 1 66 9 18 1045
3.0 5 27 2 3 12 15 5 81 2 61 51 7 20 2 71 194 23 2 28 212 2 7 3 43 71 2 53 76 2 75 10 20 1187
4.0 6 30 2 4 13 17 6 92 2 69 58 7 22 2 81 219 26 2 32 240 2 7 4 49 81 2 60 86 2 84 11 22 1340
5.0 6 34 2 4 15 19 6 104 2 78 65 8 25 2 91 247 30 2 36 270 2 8 4 55 91 2 68 97 2 95 13 25 1510
6.0 7 38 2 5 17 21 7 117 2 88 74 10 29 2 102 279 33 2 40 305 2 10 5 62 102 2 76 109 2 107 14 29 1702
7.0 8 43 3 5 19 24 8 131 3 99 83 11 32 3 115 314 38 3 46 343 3 11 5 70 115 3 86 123 3 121 16 32 1917
8.0 9 48 3 6 21 27 9 148 3 112 94 12 36 3 130 353 42 3 51 387 3 12 6 79 130 3 97 139 3 136 18 36 2160
9.0 10 54 3 7 24 31 10 167 3 126 105 14 41 3 146 398 48 3 58 435 3 14 7 88 146 3 109 156 3 153 20 41 2431
10.0 11 61 4 8 27 34 11 187 4 142 119 15 46 4 165 448 54 4 65 490 4 15 8 99 165 4 122 176 4 172 23 46 2735
11.0 13 69 4 9 30 39 13 211 4 159 133 17 52 4 185 503 60 4 73 551 4 17 9 112 185 4 138 198 4 194 26 52 3076
12.0 14 77 5 10 34 43 14 237 5 179 150 19 58 5 208 565 68 5 82 619 5 19 10 126 208 5 155 222 5 217 29 58 3455
13.0 16 87 5 11 38 49 16 266 5 201 168 22 65 5 233 635 76 5 92 694 5 22 11 141 233 5 174 250 5 244 33 65 3878
14.0 18 97 6 12 43 55 18 298 6 225 189 24 73 6 262 712 85 6 103 779 6 24 12 158 262 6 195 280 6 274 36 73 4349
15.0 20 109 7 14 48 61 20 334 7 252 211 27 82 7 293 797 95 7 116 872 7 27 14 177 293 7 218 313 7 307 41 82 4871
16.0 23 122 8 15 53 68 23 373 8 281 236 30 91 8 327 890 107 8 129 974 8 30 15 198 327 8 243 350 8 342 46 91 5440
17.0 25 135 8 17 59 76 25 415 8 313 262 34 102 8 364 990 118 8 144 1083 8 34 17 220 364 8 271 389 8 381 51 102 6050
18.0 28 150 9 19 66 84 28 459 9 347 290 37 112 9 403 1096 131 9 159 1199 9 37 19 244 403 9 300 431 9 422 56 112 6700
19.0 31 165 10 21 72 93 31 506 10 382 320 41 124 10 444 1209 145 10 176 1322 10 41 21 269 444 10 331 475 10 465 62 124 7387
20.0 34 181 11 23 79 102 34 556 11 419 351 45 136 11 488 1326 159 11 193 1451 11 45 23 295 488 11 363 522 11 510 68 136 8106
21.0 37 198 12 25 87 111 37 607 12 458 384 50 149 12 533 1449 173 12 211 1585 12 50 25 322 533 12 396 570 12 557 74 149 8856
22.0 40 215 13 27 94 121 40 660 13 498 417 54 162 13 579 1575 188 13 229 1723 13 54 27 350 579 13 431 619 13 606 81 162 9626
23.0 44 234 15 29 102 132 44 716 15 541 453 58 175 15 628 1710 205 15 248 1871 15 58 29 380 628 15 468 672 15 658 88 175 10450
24.0 48 253 16 32 111 143 48 776 16 586 491 63 190 16 681 1853 222 16 269 2027 16 63 32 412 681 16 507 729 16 713 95 190 11325
25.0 51 274 17 34 120 154 51 840 17 634 531 69 206 17 737 2005 240 17 291 2193 17 69 34 446 737 17 548 788 17 771 103 206 12252
26.0 56 296 19 37 130 167 56 907 19 685 574 74 222 19 796 2166 259 19 315 2369 19 74 37 481 796 19 592 851 19 833 111 222 13235
27.0 60 319 20 40 140 180 60 978 20 739 619 80 240 20 859 2336 280 20 339 2556 20 80 40 519 859 20 639 918 20 898 120 240 14275
28.0 65 344 22 43 151 194 65 1054 22 796 667 86 258 22 925 2516 301 22 366 2753 22 86 43 559 925 22 688 989 22 968 129 258 15378
29.0 69 370 23 46 162 208 69 1134 23 856 717 93 278 23 995 2708 324 23 393 2962 23 93 46 602 995 23 741 1065 23 1041 139 278 16547
30.0 75 398 25 50 174 224 75 1219 25 920 771 100 299 25 1070 2910 348 25 423 3184 25 100 50 647 1070 25 796 1144 25 1119 149 299 17786
31.0 80 427 27 53 187 240 80 1309 27 988 828 107 321 27 1149 3125 374 27 454 3419 27 107 53 694 1149 27 855 1229 27 1202 160 321 19098
32.0 86 458 29 57 201 258 86 1404 29 1060 888 115 344 29 1232 3352 401 29 487 3668 29 115 57 745 1232 29 917 1318 29 1289 172 344 20487
33.0 92 491 31 61 215 276 92 1505 31 1136 952 123 368 31 1320 3593 430 31 522 3931 31 123 61 798 1320 31 983 1413 31 1382 184 368 21956
34.0 99 526 33 66 230 296 99 1611 33 1217 1019 132 395 33 1414 3847 460 33 559 4209 33 132 66 855 1414 33 1052 1513 33 1480 197 395 23510
35.0 106 563 35 70 246 317 106 1724 35 1302 1091 141 422 35 1513 4116 493 35 598 4503 35 141 70 915 1513 35 1126 1618 35 1583 211 422 25153
36.0 113 602 38 75 263 338 113 1843 38 1391 1166 150 451 38 1617 4400 526 38 639 4814 38 150 75 978 1617 38 1203 1730 38 1692 226 451 26889
37.0 120 642 40 80 281 361 120 1967 40 1485 1244 161 482 40 1726 4697 562 40 682 5138 40 161 80 1044 1726 40 1285 1847 40 1806 241 482 28702
38.0 128 684 43 86 299 385 128 2096 43 1582 1326 171 513 43 1839 5004 599 43 727 5474 43 171 86 1112 1839 43 1369 1967 43 1924 257 513 30578
39.0 136 728 45 91 318 409 136 2228 45 1683 1410 182 546 45 1955 5320 637 45 773 5821 45 182 91 1182 1955 45 1455 2092 45 2046 273 546 32513
40.0 145 772 48 97 338 434 145 2364 48 1785 1496 193 579 48 2075 5646 676 48 820 6177 48 193 97 1255 2075 48 1544 2220 48 2171 290 579 34502
41.0 153 818 51 102 358 460 153 2504 51 1891 1584 204 613 51 2197 5979 715 51 869 6541 51 204 102 1329 2197 51 1635 2351 51 2300 307 613 36537
42.0 162 864 54 108 378 486 162 2646 54 1998 1674 216 648 54 2322 6318 756 54 918 6912 54 216 108 1404 2322 54 1728 2484 54 2430 324 648 38610
43.0 171 911 57 114 399 512 171 2790 57 2107 1765 228 683 57 2448 6662 797 57 968 7288 57 228 114 1480 2448 57 1822 2619 57 2562 342 683 40712
44.0 180 958 60 120 419 539 180 2935 60 2216 1857 240 719 60 2576 7009 839 60 1018 7668 60 240 120 1558 2576 60 1917 2756 60 2696 359 719 42832
45.0 189 1006 63 126 440 566 189 3081 63 2327 1949 252 755 63 2704 7357 880 63 1069 8049 63 252 126 1635 2704 63 2012 2893 63 2830 377 755 44960
46.0 198 1054 66 132 461 593 198 3227 66 2437 2041 263 790 66 2832 7705 922 66 1120 8429 66 263 132 1712 2832 66 2107 3029 66 2963 395 790 47086
47.0 206 1101 69 138 482 619 206 3372 69 2546 2133 275 826 69 2959 8050 963 69 1170 8807 69 275 138 1789 2959 69 2202 3165 69 3096 413 826 49197
48.0 215 1148 72 143 502 646 215 3515 72 2654 2223 287 861 72 3084 8392 1004 72 1219 9181 72 287 143 1865 3084 72 2295 3299 72 3228 430 861 51283
49.0 224 1193 75 149 522 671 224 3655 75 2760 2312 298 895 75 3207 8727 1044 75 1268 9547 75 298 149 1939 3207 75 2387 3431 75 3357 448 895 53332
50.0 232 1238 77 155 542 696 232 3792 77 2863 2399 310 929 77 3328 9054 1083 77 1316 9905 77 310 155 2012 3328 77 2476 3560 77 3482 464 929 55331
51.0 240 1282 80 160 561 721 240 3925 80 2964 2483 320 961 80 3444 9372 1121 80 1362 10253 80 320 160 2083 3444 80 2563 3685 80 3604 481 961 57271
52.0 248 1325 83 166 580 745 248 4057 83 3063 2566 331 993 83 3560 9686 1159 83 1407 10597 83 331 166 2152 3560 83 2649 3808 83 3725 497 993 59192
53.0 256 1368 85 171 598 769 256 4189 85 3163 2650 342 1026 85 3676 10003 1197 85 1453 10944 85 342 171 2223 3676 85 2736 3933 85 3847 513 1026 61132
54.0 265 1412 88 176 618 794 265 4323 88 3265 2735 353 1059 88 3794 10323 1235 88 1500 11294 88 353 176 2294 3794 88 2823 4059 88 3970 529 1059 63086
55.0 273 1456 91 182 637 819 273 4459 91 3367 2821 364 1092 91 3913 10646 1274 91 1547 11647 91 364 182 2366 3913 91 2912 4186 91 4095 546 1092 65058
56.0 281 1500 94 188 656 844 281 4595 94 3470 2907 375 1125 94 4032 10972 1313 94 1594 12003 94 375 188 2438 4032 94 3001 4314 94 4220 563 1125 67049
57.0 290 1545 97 193 676 869 290 4733 97 3574 2994 386 1159 97 4154 11301 1352 97 1642 12364 97 386 193 2511 4154 97 3091 4443 97 4347 580 1159 69064
58.0 298 1591 99 199 696 895 298 4873 99 3680 3083 398 1193 99 4276 11636 1392 99 1691 12730 99 398 199 2586 4276 99 3182 4575 99 4475 597 1193 71107
59.0 307 1638 102 205 716 921 307 5015 102 3787 3173 409 1228 102 4401 11975 1433 102 1740 13101 102 409 205 2661 4401 102 3275 4708 102 4606 614 1228 73182
60.0 316 1685 105 211 737 948 316 5160 105 3896 3264 421 1264 105 4528 12321 1474 105 1790 13479 105 421 211 2738 4528 105 3370 4844 105 4739 632 1264 75292
61.0 325 1733 108 217 758 975 325 5307 108 4007 3358 433 1300 108 4657 12672 1516 108 1841 13864 108 433 217 2816 4657 108 3466 4982 108 4874 650 1300 77441
62.0 334 1782 111 223 780 1002 334 5457 111 4121 3453 445 1336 111 4789 13031 1559 111 1893 14256 111 445 223 2896 4789 111 3564 5123 111 5012 668 1336 79632
63.0 344 1832 115 229 802 1031 344 5611 115 4237 3550 458 1374 115 4924 13397 1603 115 1947 14656 115 458 229 2977 4924 115 3664 5267 115 5153 687 1374 81868
64.0 353 1883 118 235 824 1059 353 5767 118 4355 3649 471 1412 118 5061 13770 1648 118 2001 15065 118 471 235 3060 5061 118 3766 5414 118 5296 706 1412 84151
65.0 363 1935 121 242 847 1089 363 5927 121 4475 3750 484 1452 121 5201 14152 1693 121 2056 15483 121 484 242 3145 5201 121 3871 5564 121 5443 726 1452 86485
66.0 373 1989 124 249 870 1119 373 6091 124 4599 3853 497 1492 124 5345 14543 1740 124 2113 15910 124 497 249 3232 5345 124 3978 5718 124 5593 746 1492 88872
67.0 383 2043 128 255 894 1149 383 6258 128 4725 3959 511 1533 128 5492 14942 1788 128 2171 16347 128 511 255 3321 5492 128 4087 5875 128 5747 766 1533 91315
68.0 394 2099 131 262 918 1181 394 6429 131 4855 4068 525 1575 131 5642 15352 1837 131 2231 16795 131 525 262 3411 5642 131 4199 6036 131 5904 787 1575 93816
69.0 404 2157 135 270 944 1213 404 6605 135 4987 4179 539 1618 135 5796 15771 1887 135 2291 17254 135 539 270 3505 5796 135 4313 6200 135 6066 809 1618 96377
70.0 415 2215 138 277 969 1246 415 6785 138 5123 4292 554 1662 138 5954 16200 1938 138 2354 17723 138 554 277 3600 5954 138 4431 6369 138 6231 831 1662 99001
71.0 427 2276 142 284 996 1280 427 6969 142 5262 4409 569 1707 142 6116 16640 1991 142 2418 18205 142 569 284 3698 6116 142 4551 6542 142 6400 853 1707 101691
72.0 438 2337 146 292 1023 1315 438 7158 146 5405 4529 584 1753 146 6281 17092 2045 146 2483 18698 146 584 292 3798 6281 146 4675 6720 146 6574 876 1753 104448
73.0 450 2401 150 300 1050 1350 450 7352 150 5551 4651 600 1800 150 6452 17554 2100 150 2551 19205 150 600 300 3901 6452 150 4801 6902 150 6752 900 1800 107275
74.0 462 2465 154 308 1079 1387 462 7550 154 5701 4777 616 1849 154 6626 18029 2157 154 2620 19724 154 616 308 4006 6626 154 4931 7088 154 6934 925 1849 110175
75.0 475 2532 158 317 1108 1424 475 7754 158 5855 4906 633 1899 158 6805 18515 2216 158 2690 20256 158 633 317 4115 6805 158 5064 7280 158 7121 950 1899 113150
76.0 488 2602 163 325 1138 1464 488 7969 163 6017 5042 651 1952 163 6993 19028 2277 163 2765 20817 163 651 325 4228 6993 163 5204 7481 163 7318 976 1952 116280
77.0 502 2677 167 335 1171 1506 502 8197 167 6190 5186 669 2007 167 7193 19573 2342 167 2844 21413 167 669 335 4350 7193 167 5353 7695 167 7528 1004 2007 119612
78.0 517 2755 172 344 1206 1550 517 8439 172 6372 5339 689 2067 172 7405 20149 2411 172 2928 22044 172 689 344 4478 7405 172 5511 7922 172 7750 1033 2067 123136
79.0 532 2839 177 355 1242 1597 532 8693 177 6564 5500 710 2129 177 7629 20757 2484 177 3016 22708 177 710 355 4613 7629 177 5677 8161 177 7983 1064 2129 126848
80.0 549 2926 183 366 1280 1646 549 8960 183 6766 5669 731 2194 183 7863 21395 2560 183 3109 23406 183 731 366 4754 7863 183 5852 8412 183 8229 1097 2194 130746
81.0 566 3017 189 377 1320 1697 566 9240 189 6977 5846 754 2263 189 8108 22062 2640 189 3206 24137 189 754 377 4903 8108 189 6034 8674 189 8486 1131 2263 134826
82.0 584 3112 195 389 1362 1751 584 9531 195 7197 6030 778 2334 195 8364 22758 2723 195 3307 24898 195 778 389 5057 8364 195 6225 8948 195 8753 1167 2334 139079
83.0 602 3211 201 401 1405 1806 602 9834 201 7426 6221 803 2408 201 8630 23481 2810 201 3412 25688 201 803 401 5218 8630 201 6422 9232 201 9031 1204 2408 143494
84.0 621 3313 207 414 1449 1864 621 10146 207 7661 6419 828 2485 207 8904 24227 2899 207 3520 26504 207 828 414 5384 8904 207 6626 9525 207 9318 1242 2485 148052
85.0 641 3418 214 427 1495 1922 641 10466 214 7903 6622 854 2563 214 9185 24991 2990 214 3631 27341 214 854 427 5554 9185 214 6835 9826 214 9612 1282 2563 152725
86.0 661 3524 220 440 1542 1982 661 10792 220 8149 6827 881 2643 220 9470 25768 3083 220 3744 28191 220 881 440 5726 9470 220 7048 10131 220 9911 1321 2643 157472
87.0 681 3631 227 454 1588 2042 681 11118 227 8396 7034 908 2723 227 9757 26548 3177 227 3857 29044 227 908 454 5900 9757 227 7261 10438 227 10211 1361 2723 162239
88.0 701 3736 234 467 1635 2102 701 11442 234 8640 7239 934 2802 234 10041 27320 3269 234 3970 29888 234 934 467 6071 10041 234 7472 10741 234 10508 1401 2802 166954
89.0 720 3838 240 480 1679 2159 720 11755 240 8876 7437 960 2879 240 10315 28068 3359 240 4078 30706 240 960 480 6237 10315 240 7677 11035 240 10795 1439 2879 171525
90.0 738 3935 246 492 1722 2213 738 12051 246 9100 7624 984 2951 246 10575 28775 3443 246 4181 31480 246 984 492 6394 10575 246 7870 11313 246 11067 1476 2951 175845
91.0 754 4024 251 503 1760 2263 754 12322 251 9304 7796 1006 3018 251 10813 29422 3521 251 4275 32188 251 1006 503 6538 10813 251 8047 11568 251 11316 1509 3018 179803
92.0 769 4102 256 513 1794 2307 769 12561 256 9485 7947 1025 3076 256 11023 29993 3589 256 4358 32813 256 1025 513 6665 11023 256 8203 11792 256 11536 1538 3076 183291
93.0 781 4167 260 521 1823 2344 781 12763 260 9637 8074 1042 3126 260 11200 30474 3646 260 4428 33339 260 1042 521 6772 11200 260 8335 11981 260 11721 1563 3126 186231
94.0 791 4220 264 528 1846 2374 791 12924 264 9759 8176 1055 3165 264 11341 30859 3693 264 4484 33760 264 1055 528 6858 11341 264 8440 12133 264 11869 1583 3165 188583
95.0 799 4260 266 532 1864 2396 799 13045 266 9851 8253 1065 3195 266 11448 31149 3727 266 4526 34078 266 1065 532 6922 11448 266 8519 12247 266 11980 1597 3195 190355
96.0 804 4288 268 536 1876 2412 804 13131 268 9915 8307 1072 3216 268 11523 31353 3752 268 4556 34301 268 1072 536 6967 11523 268 8575 12327 268 12059 1608 3216 191604
97.0 807 4306 269 538 1884 2422 807 13187 269 9958 8343 1076 3229 269 11572 31487 3768 269 4575 34448 269 1076 538 6997 11572 269 8612 12380 269 12110 1615 3229 192422
98.0 809 4317 270 540 1889 2428 809 13221 270 9983 8364 1079 3238 270 11602 31569 3778 270 4587 34537 270 1079 540 7015 11602 270 8634 12412 270 12142 1619 3238 192923
99.0 811 4324 270 541 1892 2432 811 13242 270 9999 8378 1081 3243 270 11621 31620 3784 270 4594 34592 270 1081 541 7027 11621 270 8648 12432 270 12161 1622 3243 193230
100.0 812 4329 271 541 1894 2435 812 13259 271 10012 8388 1082 3247 271 11635 31659 3788 271 4600 34635 271 1082 541 7035 11635 271 8659 12447 271 12176 1624 3247 193469
101.0 813 4336 271 542 1897 2439 813 13278 271 10026 8401 1084 3252 271 11652 31705 3794 271 4607 34686 271 1084 542 7046 11652 271 8672 12465 271 12194 1626 3252 193755
102.0 815 4346 272 543 1901 2444 815 13308 272 10049 8419 1086 3259 272 11679 31777 3802 272 4617 34764 272 1086 543 7061 11679 272 8691 12493 272 12222 1630 3259 194190
103.0 818 4361 273 545 1908 2453 818 13354 273 10084 8448 1090 3270 273 11719 31886 3815 273 4633 34884 273 1090 545 7086 11719 273 8721 12536 273 12264 1635 3270 194860
104.0 822 4382 274 548 1917 2465 822 13420 274 10134 8491 1096 3287 274 11777 32045 3834 274 4656 35058 274 1096 548 7121 11777 274 8764 12599 274 12325 1643 3287 195830
105.0 827 4412 276 551 1930 2482 827 13511 276 10202 8548 1103 3309 276 11856 32260 3860 276 4687 35293 276 1103 551 7169 11856 276 8823 12683 276 12408 1654 3309 197145
106.0 834 4449 278 556 1947 2503 834 13626 278 10289 8621 1112 3337 278 11958 32536 3893 278 4727 35595 278 1112 556 7230 11958 278 8899 12792 278 12514 1669 3337 198832
107.0 843 4496 281 562 1967 2529 843 13768 281 10396 8710 1124 3372 281 12082 32875 3934 281 4777 35966 281 1124 562 7306 12082 281 8991 12925 281 12644 1686 3372 200901
108.0 853 4551 284 569 1991 2560 853 13936 284 10523 8817 1138 3413 284 12229 33276 3982 284 4835 36404 284 1138 569 7395 12229 284 9101 13083 284 12798 1706 3413 203351
109.0 865 4614 288 577 2018 2595 865 14129 288 10669 8939 1153 3460 288 12399 33736 4037 288 4902 36908 288 1153 577 7497 12399 288 9227 13264 288 12976 1730 3460 206167
110.0 878 4684 293 586 2049 2635 878 14345 293 10832 9076 1171 3513 293 12589 34253 4099 293 4977 37474 293 1171 586 7612 12589 293 9368 13467 293 13174 1757 3513 209326
111.0 893 4762 298 595 2083 2679 893 14583 298 11012 9226 1190 3571 298 12797 34821 4167 298 5059 38095 298 1190 595 7738 12797 298 9524 13690 298 13393 1786 3571 212794
112.0 909 4845 303 606 2120 2726 909 14839 303 11205 9388 1211 3634 303 13022 35432 4240 303 5148 38763 303 1211 606 7874 13022 303 9691 13930 303 13628 1817 3634 216526
113.0 925 4933 308 617 2158 2775 925 15109 308 11409 9559 1233 3700 308 13259 36076 4317 308 5242 39468 308 1233 617 8017 13259 308 9867 14184 308 13875 1850 3700 220463
114.0 942 5024 314 628 2198 2826 942 15387 314 11619 9735 1256 3768 314 13503 36741 4396 314 5338 40195 314 1256 628 8165 13503 314 10049 14445 314 14131 1884 3768 224527
115.0 959 5116 320 639 2238 2878 959 15668 320 11831 9912 1279 3837 320 13749 37410 4476 320 5436 40928 320 1279 639 8313 13749 320 10232 14708 320 14389 1918 3837 228619
116.0 976 5205 325 651 2277 2928 976 15941 325 12037 10085 1301 3904 325 13989 38064 4555 325 5531 41643 325 1301 651 8459 13989 325 10411 14965 325 14640 1952 3904 232614
117.0 992 5289 331 661 2314 2975 992 16198 331 12231 10248 1322 3967 331 14215 38677 4628 331 5620 42313 331 1322 661 8595 14215 331 10578 15206 331 14876 1983 3967 236359
118.0 1006 5363 335 670 2347 3017 1006 16426 335 12403 10392 1341 4023 335 14414 39220 4693 335 5699 42908 335 1341 670 8716 14414 335 10727 15420 335 15085 2011 4023 239680
119.0 1017 5424 339 678 2373 3051 1017 16611 339 12543 10509 1356 4068 339 14577 39664 4746 339 5763 43393 339 1356 678 8814 14577 339 10848 15594 339 15255 2034 4068 242392
120.0 1025 5467 342 683 2392 3075 1025 16744 342 12643 10593 1367 4101 342 14694 39980 4784 342 5809 43739 342 1367 683 8884 14694 342 10935 15719 342 15377 2050 4101 244323
121.0 1029 5490 343 686 2402 3088 1029 16814 343 12696 10637 1373 4118 343 14755 40147 4804 343 5833 43921 343 1373 686 8921 14755 343 10980 15784 343 15441 2059 4118 245341
122.0 1030 5491 343 686 2402 3089 1030 16816 343 12698 10639 1373 4118 343 14757 40154 4805 343 5834 43929 343 1373 686 8923 14757 343 10982 15787 343 15444 2059 4118 245383
123.0 1026 5471 342 684 2393 3077 1026 16753 342 12651 10599 1368 4103 342 14702 40003 4787 342 5812 43764 342 1368 684 8890 14702 342 10941 15728 342 15386 2051 4103 244464
124.0 1018 5430 339 679 2376 3055 1018 16631 339 12558 10521 1358 4073 339 14594 39710 4752 339 5770 43443 339 1358 679 8824 14594 339 10861 15612 339 15273 2036 4073 242670
125.0 1008 5374 336 672 2351 3023 1008 16457 336 12427 10412 1343 4030 336 14442 39296 4702 336 5710 42990 336 1343 672 8732 14442 336 10748 15450 336 15114 2015 4030 240140
126.0 995 5304 332 663 2321 2984 995 16245 332 12266 10277 1326 3978 332 14255 38788 4641 332 5636 42435 332 1326 663 8620 14255 332 10609 15250 332 14918 1989 3978 237038
127.0 980 5226 327 653 2286 2940 980 16004 327 12085 10125 1306 3919 327 14045 38214 4573 327 5552 41807 327 1306 653 8492 14045 327 10452 15024 327 14698 1960 3919 233531
128.0 964 5142 321 643 2250 2892 964 15747 321 11890 9962 1285 3856 321 13819 37600 4499 321 5463 41135 321 1285 643 8355 13819 321 10284 14783 321 14461 1928 3856 229776
129.0 948 5055 316 632 2212 2844 948 15482 316 11691 9795 1264 3792 316 13586 36967 4423 316 5371 40443 316 1264 632 8215 13586 316 10111 14534 316 14218 1896 3792 225912
130.0 932 4969 311 621 2174 2795 932 15218 311 11491 9628 1242 3727 311 13355 36337 4348 311 5280 39754 311 1242 621 8075 13355 311 9938 14286 311 13976 1863 3727 222061
131.0 916 4886 305 611 2137 2748 916 14962 305 11298 9466 1221 3664 305 13130 35727 4275 305 5191 39086 305 1221 611 7939 13130 305 9771 14046 305 13741 1832 3664 218330
132.0 901 4807 300 601 2103 2704 901 14721 300 11116 9313 1202 3605 300 12918 35150 4206 300 5107 38455 300 1202 601 7811 12918 300 9614 13820 300 13519 1803 3605 214807
133.0 888 4734 296 592 2071 2663 888 14499 296 10948 9173 1184 3551 296 12724 34621 4143 296 5030 37875 296 1184 592 7693 12724 296 9469 13611 296 13316 1775 3551 211570
134.0 876 4670 292 584 2043 2627 876 14301 292 10799 9048 1167 3502 292 12550 34147 4086 292 4962 37358 292 1167 584 7588 12550 292 9339 13425 292 13134 1751 3502 208679
135.0 865 4614 288 577 2019 2595 865 14130 288 10669 8939 1153 3460 288 12400 33738 4037 288 4902 36910 288 1153 577 7497 12400 288 9228 13265 288 12976 1730 3460 206178
136.0 856 4567 285 571 1998 2569 856 13987 285 10561 8849 1142 3425 285 12274 33397 3996 285 4853 36537 285 1142 571 7422 12274 285 9134 13130 285 12845 1713 3425 204093
137.0 849 4530 283 566 1982 2548 849 13873 283 10475 8777 1132 3397 283 12174 33125 3964 283 4813 36240 283 1132 566 7361 12174 283 9060 13024 283 12740 1699 3397 202432
138.0 844 4502 281 563 1970 2532 844 13787 281 10411 8723 1125 3376 281 12099 32921 3939 281 4783 36016 281 1125 563 7316 12099 281 9004 12943 281 12662 1688 3376 201182
139.0 840 4483 280 560 1961 2521 840 13728 280 10366 8685 1121 3362 280 12047 32779 3922 280 4763 35861 280 1121 560 7284 12047 280 8965 12887 280 12607 1681 3362 200316
140.0 838 4471 279 559 1956 2515 838 13692 279 10339 8662 1118 3353 279 12015 32693 3912 279 4750 35767 279 1118 559 7265 12015 279 8942 12854 279 12574 1677 3353 199792
141.0 837 4466 279 558 1954 2512 837 13676 279 10326 8652 1116 3349 279 12001 32654 3907 279 4745 35724 279 1116 558 7256 12001 279 8931 12838 279 12559 1675 3349 199552
142.0 837 4465 279 558 1953 2511 837 13674 279 10325 8651 1116 3349 279 11999 32649 3907 279 4744 35719 279 1116 558 7255 11999 279 8930 12836 279 12557 1674 3349 199524
143.0 838 4467 279 558 1954 2513 838 13680 279 10330 8655 1117 3350 279 12005 32665 3909 279 4746 35736 279 1117 558 7259 12005 279 8934 12843 279 12563 1675 3350 199618
144.0 838 4470 279 559 1955 2514 838 13688 279 10336 8660 1117 3352 279 12012 32683 3911 279 4749 35756 279 1117 559 7263 12012 279 8939 12850 279 12571 1676 3352 199732
145.0 838 4470 279 559 1956 2514 838 13689 279 10336 8660 1117 3352 279 12013 32685 3911 279 4749 35758 279 1117 559 7263 12013 279 8940 12851 279 12571 1676 3352 199743
146.0 837 4465 279 558 1953 2511 837 13673 279 10325 8651 1116 3349 279 11999 32649 3907 279 4744 35718 279 1116 558 7255 11999 279 8930 12836 279 12557 1674 3349 199520
147.0 835 4452 278 556 1948 2504 835 13633 278 10294 8625 1113 3339 278 11964 32552 3895 278 4730 35612 278 1113 556 7234 11964 278 8903 12798 278 12520 1669 3339 198929
148.0 830 4427 277 553 1937 2490 830 13559 277 10238 8578 1107 3321 277 11899 32375 3874 277 4704 35419 277 1107 553 7195 11899 277 8855 12729 277 12452 1660 3321 197849
149.0 823 4390 274 549 1921 2470 823 13446 274 10153 8506 1098 3293 274 11799 32105 3842 274 4665 35123 274 1098 549 7134 11799 274 8781 12622 274 12348 1646 3293 196196
150.0 814 4340 271 542 1899 2441 814 13290 271 10036 8408 1085 3255 271 11663 31734 3797 271 4611 34718 271 1085 542 7052 11663 271 8679 12477 271 12205 1627 3255 193932
151.0 802 4276 267 534 1871 2405 802 13095 267 9888 8284 1069 3207 267 11491 31267 3741 267 4543 34207 267 1069 534 6948 11491 267 8552 12293 267 12026 1603 3207 191076
152.0 788 4200 263 525 1838 2363 788 12863 263 9713 8138 1050 3150 263 11288 30714 3675 263 4463 33602 263 1050 525 6825 11288 263 8400 12076 263 11813 1575 3150 187698
153.0 772 4115 257 514 1800 2315 772 12603 257 9516 7973 1029 3086 257 11060 30092 3601 257 4372 32921 257 1029 514 6687 11060 257 8230 11831 257 11574 1543 3086 183897
154.0 754 4023 251 503 1760 2263 754 12321 251 9304 7795 1006 3017 251 10812 29420 3520 251 4275 32186 251 1006 503 6538 10812 251 8046 11567 251 11315 1509 3017 179788
155.0 736 3927 245 491 1718 2209 736 12026 245 9081 7608 982 2945 245 10553 28714 3436 245 4172 31414 245 982 491 6381 10553 245 7854 11289 245 11044 1473 2945 175477
156.0 718 3828 239 478 1675 2153 718 11723 239 8852 7417 957 2871 239 10287 27992 3349 239 4067 30623 239 957 478 6220 10287 239 7656 11005 239 10766 1435 2871 171059
157.0 699 3728 233 466 1631 2097 699 11418 233 8622 7224 932 2796 233 10020 27264 3262 233 3961 29827 233 932 466 6059 10020 233 7457 10719 233 10486 1398 2796 166610
158.0 681 3629 227 454 1588 2042 681 11115 227 8393 7032 907 2722 227 9754 26540 3176 227 3856 29036 227 907 454 5898 9754 227 7259 10435 227 10208 1361 2722 162192
159.0 662 3532 221 442 1545 1987 662 10818 221 8168 6844 883 2649 221 9493 25830 3091 221 3753 28259 221 883 442 5740 9493 221 7065 10155 221 9935 1325 2649 157851
160.0 645 3438 215 430 1504 1934 645 10528 215 7950 6661 859 2578 215 9239 25139 3008 215 3653 27502 215 859 430 5586 9239 215 6876 9884 215 9669 1289 2578 153625
161.0 627 3347 209 418 1464 1882 627 10249 209 7739 6484 837 2510 209 8994 24471 2928 209 3556 26772 209 837 418 5438 8994 209 6693 9621 209 9412 1255 2510 149547
162.0 611 3259 204 407 1426 1833 611 9981 204 7537 6315 815 2444 204 8759 23833 2852 204 3463 26073 204 815 407 5296 8759 204 6518 9370 204 9166 1222 2444 145644
163.0 596 3176 199 397 1390 1787 596 9727 199 7345 6154 794 2382 199 8536 23226 2779 199 3375 25410 199 794 397 5161 8536 199 6352 9132 199 8933 1191 2382 141938
164.0 581 3098 194 387 1355 1743 581 9488 194 7165 6003 775 2324 194 8326 22655 2711 194 3292 24785 194 775 387 5035 8326 194 6196 8907 194 8714 1162 2324 138450
165.0 567 3025 189 378 1324 1702 567 9265 189 6996 5862 756 2269 189 8131 22123 2647 189 3214 24203 189 756 378 4916 8131 189 6051 8698 189 8509 1135 2269 135196
166.0 555 2958 185 370 1294 1664 555 9059 185 6840 5731 740 2219 185 7950 21631 2588 185 3143 23664 185 740 370 4807 7950 185 5916 8504 185 8319 1109 2219 132187
167.0 543 2896 181 362 1267 1629 543 8870 181 6697 5611 724 2172 181 7783 21178 2534 181 3077 23169 181 724 362 4706 7783 181 5792 8327 181 8146 1086 2172 129423
168.0 532 2840 177 355 1242 1597 532 8696 177 6567 5502 710 2130 177 7632 20765 2485 177 3017 22717 177 710 355 4614 7632 177 5679 8164 177 7987 1065 2130 126898
169.0 523 2788 174 349 1220 1568 523 8538 174 6447 5402 697 2091 174 7493 20388 2440 174 2962 22305 174 697 349 4531 7493 174 5576 8016 174 7841 1046 2091 124592
170.0 514 2741 171 343 1199 1542 514 8394 171 6338 5310 685 2056 171 7366 20042 2398 171 2912 21926 171 685 343 4454 7366 171 5482 7880 171 7708 1028 2056 122479
171.0 506 2697 169 337 1180 1517 506 8259 169 6237 5225 674 2023 169 7248 19721 2360 169 2866 21576 169 674 337 4383 7248 169 5394 7754 169 7585 1011 2023 120520
172.0 498 2656 166 332 1162 1494 498 8133 166 6141 5145 664 1992 166 7137 19419 2324 166 2822 21244 166 664 332 4315 7137 166 5311 7635 166 7469 996 1992 118670
173.0 490 2615 163 327 1144 1471 490 8010 163 6048 5067 654 1962 163 7029 19126 2289 163 2779 20924 163 654 327 4250 7029 163 5231 7519 163 7356 981 1962 116878
174.0 483 2575 161 322 1127 1449 483 7887 161 5956 4990 644 1932 161 6921 18833 2254 161 2736 20603 161 644 322 4185 6921 161 5151 7404 161 7243 966 1932 115090
175.0 475 2534 158 317 1109 1426 475 7761 158 5860 4910 634 1901 158 6811 18532 2217 158 2693 20274 158 634 317 4118 6811 158 5069 7286 158 7128 950 1901 113249
176.0 467 2491 156 311 1090 1401 467 7628 156 5760 4826 623 1868 156 6694 18214 2179 156 2647 19927 156 623 311 4048 6694 156 4982 7161 156 7006 934 1868 111310
177.0 458 2444 153 306 1069 1375 458 7486 153 5653 4736 611 1833 153 6569 17875 2139 153 2597 19555 153 611 306 3972 6569 153 4889 7028 153 6875 917 1833 109235
178.0 449 2395 150 299 1048 1347 449 7333 150 5537 4639 599 1796 150 6435 17510 2095 150 2544 19157 150 599 299 3891 6435 150 4789 6884 150 6735 898 1796 107007
179.0 439 2341 146 293 1024 1317 439 7170 146 5414 4536 585 1756 146 6292 17121 2049 146 2488 18731 146 585 293 3805 6292 146 4683 6731 146 6585 878 1756 104628
180.0 428 2285 143 286 1000 1285 428 6998 143 5284 4427 571 1714 143 6141 16710 1999 143 2428 18281 143 571 286 3713 6141 143 4570 6570 143 6427 857 1714 102117
181.0 418 2227 139 278 974 1253 418 6819 139 5149 4314 557 1670 139 5984 16283 1948 139 2366 17814 139 557 278 3618 5984 139 4453 6402 139 6263 835 1670 99505
182.0 406 2167 135 271 948 1219 406 6636 135 5011 4198 542 1625 135 5823 15845 1896 135 2302 17335 135 542 271 3521 5823 135 4334 6230 135 6094 813 1625 96830
183.0 395 2106 132 263 922 1185 395 6451 132 4871 4081 527 1580 132 5661 15403 1843 132 2238 16851 132 527 263 3423 5661 132 4213 6056 132 5924 790 1580 94127
184.0 384 2046 128 256 895 1151 384 6266 128 4731 3964 511 1534 128 5498 14961 1790 128 2174 16367 128 511 256 3325 5498 128 4092 5882 128 5754 767 1534 91426
185.0 372 1986 124 248 869 1117 372 6082 124 4593 3848 497 1490 124 5337 14523 1738 124 2110 15888 124 497 248 3227 5337 124 3972 5710 124 5586 745 1490 88750
186.0 361 1927 120 241 843 1084 361 5902 120 4457 3734 482 1445 120 5179 14092 1686 120 2048 15417 120 482 241 3132 5179 120 3854 5541 120 5420 723 1445 86119
187.0 351 1870 117 234 818 1052 351 5726 117 4323 3622 467 1402 117 5024 13671 1636 117 1986 14956 117 467 234 3038 5024 117 3739 5375 117 5258 701 1402 83546
188.0 340 1813 113 227 793 1020 340 5554 113 4194 3514 453 1360 113 4874 13261 1587 113 1927 14508 113 453 227 2947 4874 113 3627 5214 113 5100 680 1360 81038
189.0 330 1759 110 220 770 989 330 5387 110 4068 3408 440 1319 110 4727 12862 1539 110 1869 14072 110 440 220 2858 4727 110 3518 5057 110 4947 660 1319 78604
190.0 320 1706 107 213 746 960 320 5225 107 3946 3306 427 1280 107 4585 12477 1493 107 1813 13650 107 427 213 2773 4585 107 3412 4905 107 4799 640 1280 76247
191.0 310 1655 103 207 724 931 310 5069 103 3828 3207 414 1241 103 4449 12104 1448 103 1759 13242 103 414 207 2690 4449 103 3311 4759 103 4656 621 1241 73971
192.0 301 1606 100 201 703 904 301 4919 100 3715 3112 402 1205 100 4317 11746 1405 100 1707 12850 100 402 201 2610 4317 100 3213 4618 100 4518 602 1205 71781
193.0 292 1559 97 195 682 877 292 4775 97 3606 3021 390 1169 97 4190 11402 1364 97 1657 12474 97 390 195 2534 4190 97 3118 4483 97 4385 585 1169 69678
194.0 284 1514 95 189 662 852 284 4637 95 3502 2934 379 1136 95 4069 11073 1325 95 1609 12114 95 379 189 2461 4069 95 3028 4353 95 4259 568 1136 67667
195.0 276 1471 92 184 644 828 276 4506 92 3402 2851 368 1103 92 3954 10759 1287 92 1563 11770 92 368 184 2391 3954 92 2943 4230 92 4138 552 1103 65748
196.0 268 1430 89 179 626 805 268 4381 89 3308 2772 358 1073 89 3844 10460 1252 89 1520 11444 89 358 179 2325 3844 89 2861 4113 89 4023 536 1073 63925
197.0 261 1392 87 174 609 783 261 4262 87 3219 2697 348 1044 87 3740 10177 1218 87 1479 11134 87 348 174 2262 3740 87 2784 4001 87 3914 522 1044 62196
198.0 254 1355 85 169 593 762 254 4150 85 3134 2626 339 1016 85 3642 9910 1186 85 1440 10841 85 339 169 2202 3642 85 2710 3896 85 3811 508 1016 60558
199.0 248 1320 83 165 578 743 248 4044 83 3053 2558 330 990 83 3549 9656 1155 83 1403 10563 83 330 165 2146 3549 83 2641 3796 83 3714 495 990 59006
200.0 241 1287 80 161 563 724 241 3943 80 2977 2494 322 966 80 3460 9414 1126 80 1368 10299 80 322 161 2092 3460 80 2575 3701 80 3621 483 966 57530
201.0 235 1256 78 157 549 706 235 3846 78 2904 2433 314 942 78 3375 9183 1099 78 1334 10046 78 314 157 2041 3375 78 2512 3610 78 3532 471 942 56118
202.0 230 1225 77 153 536 689 230 3752 77 2833 2374 306 919 77 3293 8960 1072 77 1302 9802 77 306 153 1991 3293 77 2451 3523 77 3446 459 919 54755
203.0 224 1196 75 149 523 673 224 3661 75 2765 2316 299 897 75 3213 8743 1046 75 1270 9565 75 299 149 1943 3213 75 2391 3437 75 3363 448 897 53427
204.0 219 1166 73 146 510 656 219 3572 73 2697 2260 292 875 73 3134 8528 1021 73 1239 9330 73 292 146 1895 3134 73 2333 3353 73 3280 437 875 52119
205.0 213 1137 71 142 498 640 213 3483 71 2630 2203 284 853 71 3056 8315 995 71 1208 9097 71 284 142 1848 3056 71 2274 3269 71 3198 426 853 50817
206.0 208 1108 69 138 485 623 208 3393 69 2562 2147 277 831 69 2978 8102 969 69 1177 8864 69 277 138 1800 2978 69 2216 3185 69 3116 415 831 49513
207.0 202 1079 67 135 472 607 202 3303 67 2494 2090 270 809 67 2899 7888 944 67 1146 8630 67 270 135 1753 2899 67 2157 3101 67 3034 405 809 48204
208.0 197 1049 66 131 459 590 197 3213 66 2426 2033 262 787 66 2820 7673 918 66 1115 8394 66 262 131 1705 2820 66 2099 3017 66 2951 393 787 46889
209.0 191 1020 64 127 446 574 191 3123 64 2358 1976 255 765 64 2741 7457 892 64 1084 8158 64 255 127 1657 2741 64 2040 2932 64 2868 382 765 45573
210.0 186 990 62 124 433 557 186 3033 62 2290 1919 248 743 62 2662 7243 867 62 1052 7924 62 248 124 1610 2662 62 1981 2848 62 2786 371 743 44261
211.0 180 961 60 120 421 541 180 2944 60 2223 1863 240 721 60 2584 7030 841 60 1021 7691 60 240 120 1562 2584 60 1923 2764 60 2704 361 721 42962
212.0 175 933 58 117 408 525 175 2856 58 2157 1807 233 700 58 2507 6821 816 58 991 7462 58 233 117 1516 2507 58 1865 2682 58 2623 350 700 41681
213.0 170 905 57 113 396 509 170 2770 57 2092 1753 226 678 57 2431 6615 792 57 961 7237 57 226 113 1470 2431 57 1809 2601 57 2544 339 678 40424
214.0 164 877 55 110 384 493 164 2686 55 2028 1699 219 658 55 2357 6414 767 55 932 7017 55 219 110 1425 2357 55 1754 2522 55 2467 329 658 39196
215.0 159 850 53 106 372 478 159 2604 53 1966 1647 213 638 53 2285 6218 744 53 903 6802 53 213 106 1382 2285 53 1701 2445 53 2391 319 638 37998
216.0 155 824 52 103 361 464 155 2524 52 1906 1597 206 618 52 2215 6027 721 52 876 6594 52 206 103 1339 2215 52 1648 2370 52 2318 309 618 36832
217.0 150 799 50 100 350 449 150 2447 50 1847 1548 200 599 50 2147 5842 699 50 849 6391 50 200 100 1298 2147 50 1598 2297 50 2247 300 599 35700
218.0 145 774 48 97 339 436 145 2371 48 1791 1500 194 581 48 2081 5662 678 48 823 6195 48 194 97 1258 2081 48 1549 2226 48 2178 290 581 34603
219.0 141 751 47 94 328 422 141 2298 47 1736 1454 188 563 47 2017 5488 657 47 797 6004 47 188 94 1220 2017 47 1501 2158 47 2111 281 563 33539
220.0 136 727 45 91 318 409 136 2228 45 1682 1410 182 546 45 1955 5320 637 45 773 5820 45 182 91 1182 1955 45 1455 2092 45 2046 273 546 32510
221.0 132 705 44 88 309 397 132 2160 44 1631 1366 176 529 44 1895 5157 617 44 749 5642 44 176 88 1146 1895 44 1410 2027 44 1983 264 529 31514
222.0 128 684 43 85 299 385 128 2094 43 1581 1325 171 513 43 1837 5000 598 43 726 5470 43 171 85 1111 1837 43 1367 1966 43 1923 256 513 30553
223.0 124 663 41 83 290 373 124 2030 41 1533 1284 166 497 41 1782 4848 580 41 704 5303 41 166 83 1077 1782 41 1326 1906 41 1864 249 497 29625
224.0 121 643 40 80 281 362 121 1969 40 1487 1246 161 482 40 1728 4701 563 40 683 5143 40 161 80 1045 1728 40 1286 1848 40 1808 241 482 28730
225.0 117 624 39 78 273 351 117 1910 39 1442 1208 156 468 39 1676 4560 546 39 663 4989 39 156 78 1013 1676 39 1247 1793 39 1754 234 468 27869
226.0 113 605 38 76 265 340 113 1853 38 1399 1172 151 454 38 1626 4425 529 38 643 4841 38 151 76 983 1626 38 1210 1740 38 1702 227 454 27042
227.0 110 587 37 73 257 330 110 1799 37 1358 1138 147 440 37 1578 4295 514 37 624 4699 37 147 73 954 1578 37 1175 1689 37 1652 220 440 26246
228.0 107 570 36 71 249 321 107 1746 36 1319 1105 143 428 36 1533 4170 499 36 606 4562 36 143 71 927 1533 36 1140 1639 36 1604 214 428 25483
229.0 104 554 35 69 242 312 104 1696 35 1281 1073 138 415 35 1488 4050 485 35 588 4431 35 138 69 900 1488 35 1108 1592 35 1558 208 415 24749
230.0 101 538 34 67 235 303 101 1648 34 1244 1042 135 404 34 1446 3934 471 34 572 4304 34 135 67 874 1446 34 1076 1547 34 1513 202 404 24044
231.0 98 523 33 65 229 294 98 1601 33 1209 1013 131 392 33 1405 3823 457 33 555 4182 33 131 65 850 1405 33 1046 1503 33 1470 196 392 23363
232.0 95 508 32 64 222 286 95 1556 32 1175 984 127 381 32 1365 3715 445 32 540 4064 32 127 64 826 1365 32 1016 1461 32 1429 191 381 22703
233.0 93 494 31 62 216 278 93 1512 31 1142 957 123 370 31 1327 3610 432 31 525 3950 31 123 62 802 1327 31 987 1419 31 1389 185 370 22062
234.0 90 480 30 60 210 270 90 1469 30 1109 929 120 360 30 1289 3508 420 30 510 3838 30 120 60 780 1289 30 959 1379 30 1349 180 360 21437
235.0 87 466 29 58 204 262 87 1427 29 1078 903 116 349 29 1252 3408 408 29 495 3728 29 116 58 757 1252 29 932 1340 29 1311 175 349 20824
236.0 85 453 28 57 198 255 85 1386 28 1046 877 113 339 28 1216 3309 396 28 481 3620 28 113 57 735 1216 28 905 1301 28 1273 170 339 20222
237.0 82 439 27 55 192 247 82 1345 27 1016 851 110 329 27 1181 3212 384 27 467 3515 27 110 55 714 1181 27 879 1263 27 1236 165 329 19632
238.0 80 426 27 53 187 240 80 1306 27 986 826 107 320 27 1146 3118 373 27 453 3411 27 107 53 693 1146 27 853 1226 27 1199 160 320 19052
239.0 78 414 26 52 181 233 78 1267 26 957 801 103 310 26 1112 3025 362 26 439 3309 26 103 52 672 1112 26 827 1189 26 1163 155 310 18484
240.0 75 401 25 50 176 226 75 1229 25 928 777 100 301 25 1078 2934 351 25 426 3209 25 100 50 652 1078 25 802 1153 25 1128 150 301 17928
241.0 73 389 24 49 170 219 73 1191 24 900 754 97 292 24 1046 2845 340 24 413 3112 24 97 49 632 1046 24 778 1119 24 1094 146 292 17385
242.0 71 377 24 47 165 212 71 1155 24 872 731 94 283 24 1014 2758 330 24 401 3018 24 94 47 613 1014 24 754 1084 24 1061 141 283 16857
243.0 69 366 23 46 160 206 69 1120 23 846 709 91 274 23 983 2674 320 23 389 2926 23 91 46 594 983 23 731 1051 23 1029 137 274 16342
244.0 66 355 22 44 155 199 66 1086 22 820 687 89 266 22 953 2592 310 22 377 2836 22 89 44 576 953 22 709 1019 22 997 133 266 15842
245.0 64 344 21 43 150 193 64 1052 21 795 666 86 258 21 924 2513 301 21 365 2749 21 86 43 558 924 21 687 988 21 966 129 258 15357
246.0 62 333 21 42 146 187 62 1020 21 770 645 83 250 21 895 2436 291 21 354 2665 21 83 42 541 895 21 666 958 21 937 125 250 14886
247.0 61 323 20 40 141 182 61 989 20 747 626 81 242 20 868 2361 283 20 343 2583 20 81 40 525 868 20 646 928 20 908 121 242 14429
248.0 59 313 20 39 137 176 59 959 20 724 606 78 235 20 841 2289 274 20 333 2504 20 78 39 509 841 20 626 900 20 880 117 235 13986
249.0 57 303 19 38 133 171 57 929 19 702 588 76 228 19 815 2219 265 19 322 2427 19 76 38 493 815 19 607 872 19 853 114 228 13558
250.0 55 294 18 37 129 165 55 901 18 680 570 74 221 18 790 2151 257 18 312 2353 18 74 37 478 790 18 588 846 18 827 110 221 13142
251.0 53 285 18 36 125 160 53 873 18 659 552 71 214 18 766 2085 249 18 303 2281 18 71 36 463 766 18 570 820 18 802 107 214 12740
252.0 52 276 17 35 121 155 52 846 17 639 536 69 207 17 743 2021 242 17 294 2211 17 69 35 449 743 17 553 795 17 777 104 207 12351
253.0 50 268 17 33 117 151 50 821 17 620 519 67 201 17 720 1959 234 17 285 2144 17 67 33 435 720 17 536 770 17 754 100 201 11975
254.0 49 260 16 32 114 146 49 796 16 601 503 65 195 16 698 1900 227 16 276 2079 16 65 32 422 698 16 520 747 16 731 97 195 11611
255.0 47 252 16 31 110 142 47 772 16 583 488 63 189 16 677 1842 220 16 268 2016 16 63 31 409 677 16 504 724 16 709 94 189 11259
256.0 46 244 15 31 107 137 46 748 15 565 473 61 183 15 657 1787 214 15 260 1955 15 61 31 397 657 15 489 702 15 687 92 183 10919
257.0 44 237 15 30 104 133 44 726 15 548 459 59 178 15 637 1733 207 15 252 1896 15 59 30 385 637 15 474 681 15 667 89 178 10590
258.0 43 230 14 29 101 129 43 704 14 532 445 57 172 14 618 1681 201 14 244 1839 14 57 29 374 618 14 460 661 14 647 86 172 10273
259.0 42 223 14 28 98 125 42 683 14 516 432 56 167 14 599 1631 195 14 237 1784 14 56 28 362 599 14 446 641 14 627 84 167 9967
260.0 41 216 14 27 95 122 41 663 14 500 419 54 162 14 582 1582 189 14 230 1731 14 54 27 352 582 14 433 622 14 609 81 162 9671
261.0 39 210 13 26 92 118 39 643 13 486 407 52 157 13 564 1536 184 13 223 1680 13 52 26 341 564 13 420 604 13 591 79 157 9384
262.0 38 204 13 25 89 115 38 624 13 471 395 51 153 13 548 1490 178 13 217 1630 13 51 25 331 548 13 408 586 13 573 76 153 9106
263.0 37 198 12 25 87 111 37 606 12 457 383 49 148 12 531 1446 173 12 210 1582 12 49 25 321 531 12 396 569 12 556 74 148 8837
264.0 36 192 12 24 84 108 36 588 12 444 372 48 144 12 516 1403 168 12 204 1535 12 48 24 312 516 12 384 552 12 540 72 144 8575
265.0 35 186 12 23 81 105 35 570 12 431 361 47 140 12 500 1361 163 12 198 1489 12 47 23 303 500 12 372 535 12 524 70 140 8320
266.0 34 181 11 23 79 102 34 553 11 418 350 45 135 11 485 1321 158 11 192 1445 11 45 23 294 485 11 361 519 11 508 68 135 8072
267.0 33 175 11 22 77 99 33 537 11 405 339 44 131 11 471 1281 153 11 186 1402 11 44 22 285 471 11 350 504 11 493 66 131 7830
268.0 32 170 11 21 74 96 32 520 11 393 329 42 127 11 457 1243 149 11 181 1360 11 42 21 276 457 11 340 489 11 478 64 127 7595
269.0 31 165 10 21 72 93 31 505 10 381 319 41 124 10 443 1205 144 10 175 1319 10 41 21 268 443 10 330 474 10 464 62 124 7366
270.0 30 160 10 20 70 90 30 490 10 370 310 40 120 10 430 1169 140 10 170 1279 10 40 20 260 430 10 320 460 10 450 60 120 7143
271.0 29 155 10 19 68 87 29 475 10 358 300 39 116 10 417 1133 136 10 165 1240 10 39 19 252 417 10 310 446 10 436 58 116 6926
272.0 28 150 9 19 66 85 28 460 9 348 291 38 113 9 404 1099 132 9 160 1202 9 38 19 244 404 9 301 432 9 423 56 113 6716
273.0 27 146 9 18 64 82 27 446 9 337 282 36 109 9 392 1066 128 9 155 1166 9 36 18 237 392 9 291 419 9 410 55 109 6512
274.0 26 141 9 18 62 79 26 433 9 327 274 35 106 9 380 1033 124 9 150 1130 9 35 18 230 380 9 283 406 9 397 53 106 6314
275.0 26 137 9 17 60 77 26 420 9 317 265 34 103 9 368 1002 120 9 146 1096 9 34 17 223 368 9 274 394 9 385 51 103 6122
276.0 25 133 8 17 58 75 25 407 8 307 257 33 100 8 357 971 116 8 141 1063 8 33 17 216 357 8 266 382 8 374 50 100 5935
277.0 24 129 8 16 56 72 24 394 8 298 250 32 97 8 346 942 113 8 137 1030 8 32 16 209 346 8 258 370 8 362 48 97 5755
278.0 23 125 8 16 55 70 23 382 8 289 242 31 94 8 336 913 109 8 133 999 8 31 16 203 336 8 250 359 8 351 47 94 5580
279.0 23 121 8 15 53 68 23 371 8 280 235 30 91 8 325 885 106 8 129 969 8 30 15 197 325 8 242 348 8 341 45 91 5410
280.0 22 117 7 15 51 66 22 360 7 271 227 29 88 7 315 858 103 7 125 939 7 29 15 191 315 7 235 337 7 330 44 88 5246
281.0 21 114 7 14 50 64 21 349 7 263 221 28 85 7 306 832 100 7 121 911 7 28 14 185 306 7 228 327 7 320 43 85 5087
282.0 21 110 7 14 48 62 21 338 7 255 214 28 83 7 297 807 97 7 117 883 7 28 14 179 297 7 221 317 7 310 41 83 4932
283.0 20 107 7 13 47 60 20 328 7 247 207 27 80 7 288 783 94 7 114 856 7 27 13 174 288 7 214 308 7 301 40 80 4783
284.0 19 104 6 13 45 58 19 318 6 240 201 26 78 6 279 759 91 6 110 830 6 26 13 169 279 6 208 298 6 292 39 78 4638
285.0 19 101 6 13 44 57 19 308 6 233 195 25 75 6 270 736 88 6 107 805 6 25 13 164 270 6 201 289 6 283 38 75 4498
286.0 18 98 6 12 43 55 18 299 6 226 189 24 73 6 262 714 85 6 104 781 6 24 12 159 262 6 195 281 6 275 37 73 4362
287.0 18 95 6 12 41 53 18 290 6 219 183 24 71 6 254 692 83 6 101 757 6 24 12 154 254 6 189 272 6 266 36 71 4231
288.0 17 92 6 11 40 52 17 281 6 212 178 23 69 6 247 671 80 6 98 735 6 23 11 149 247 6 184 264 6 258 34 69 4103
289.0 17 89 6 11 39 50 17 273 6 206 173 22 67 6 239 651 78 6 95 713 6 22 11 145 239 6 178 256 6 250 33 67 3980
290.0 16 86 5 11 38 49 16 265 5 200 167 22 65 5 232 632 76 5 92 691 5 22 11 140 232 5 173 248 5 243 32 65 3861
291.0 16 84 5 10 37 47 16 257 5 194 162 21 63 5 225 613 73 5 89 670 5 21 10 136 225 5 168 241 5 236 31 63 3745
292.0 15 81 5 10 36 46 15 249 5 188 158 20 61 5 218 594 71 5 86 650 5 20 10 132 218 5 163 234 5 229 30 61 3633
293.0 15 79 5 10 35 44 15 242 5 182 153 20 59 5 212 577 69 5 84 631 5 20 10 128 212 5 158 227 5 222 30 59 3524
294.0 14 77 5 10 33 43 14 234 5 177 148 19 57 5 206 559 67 5 81 612 5 19 10 124 206 5 153 220 5 215 29 57 3419
295.0 14 74 5 9 32 42 14 227 5 172 144 19 56 5 199 543 65 5 79 594 5 19 9 121 199 5 148 213 5 209 28 56 3316
296.0 13 72 4 9 31 40 13 220 4 166 139 18 54 4 193 526 63 4 76 576 4 18 9 117 193 4 144 207 4 202 27 54 3217
297.0 13 70 4 9 31 39 13 214 4 161 135 17 52 4 188 511 61 4 74 559 4 17 9 113 188 4 140 201 4 196 26 52 3120
298.0 13 68 4 8 30 38 13 207 4 157 131 17 51 4 182 495 59 4 72 542 4 17 8 110 182 4 135 195 4 190 25 51 3026
299.0 12 66 4 8 29 37 12 201 4 152 127 16 49 4 177 480 57 4 70 525 4 16 8 107 177 4 131 189 4 185 25 49 2935
300.0 12 64 4 8 28 36 12 195 4 147 123 16 48 4 171 466 56 4 68 510 4 16 8 104 171 4 127 183 4 179 24 48 2847
301.0 12 62 4 8 27 35 12 189 4 143 120 15 46 4 166 452 54 4 66 494 4 15 8 100 166 4 124 178 4 174 23 46 2761
302.0 11 60 4 7 26 34 11 184 4 139 116 15 45 4 161 438 52 4 64 479 4 15 7 97 161 4 120 172 4 169 22 45 2678
303.0 11 58 4 7 25 33 11 178 4 134 113 15 44 4 156 425 51 4 62 465 4 15 7 94 156 4 116 167 4 163 22 44 2597
304.0 11 56 4 7 25 32 11 173 4 130 109 14 42 4 151 412 49 4 60 451 4 14 7 92 151 4 113 162 4 159 21 42 2518
305.0 10 55 3 7 24 31 10 167 3 126 106 14 41 3 147 400 48 3 58 437 3 14 7 89 147 3 109 157 3 154 20 41 2442
306.0 10 53 3 7 23 30 10 162 3 123 103 13 40 3 142 388 46 3 56 424 3 13 7 86 142 3 106 152 3 149 20 40 2369
307.0 10 51 3 6 22 29 10 157 3 119 100 13 39 3 138 376 45 3 55 411 3 13 6 84 138 3 103 148 3 145 19 39 2297
308.0 9 50 3 6 22 28 9 153 3 115 97 12 37 3 134 365 44 3 53 399 3 12 6 81 134 3 100 143 3 140 19 37 2228
309.0 9 48 3 6 21 27 9 148 3 112 94 12 36 3 130 354 42 3 51 387 3 12 6 79 130 3 97 139 3 136 18 36 2161
310.0 9 47 3 6 21 26 9 144 3 108 91 12 35 3 126 343 41 3 50 375 3 12 6 76 126 3 94 135 3 132 18 35 2096
311.0 9 45 3 6 20 26 9 139 3 105 88 11 34 3 122 333 40 3 48 364 3 11 6 74 122 3 91 131 3 128 17 34 2033
312.0 8 44 3 6 19 25 8 135 3 102 85 11 33 3 119 323 39 3 47 353 3 11 6 72 119 3 88 127 3 124 17 33 1971
313.0 8 43 3 5 19 24 8 131 3 99 83 11 32 3 115 313 37 3 45 342 3 11 5 70 115 3 86 123 3 120 16 32 1912
314.0 8 41 3 5 18 23 8 127 3 96 80 10 31 3 112 303 36 3 44 332 3 10 5 67 112 3 83 119 3 117 16 31 1855
315.0 8 40 3 5 18 23 8 123 3 93 78 10 30 3 108 294 35 3 43 322 3 10 5 65 108 3 81 116 3 113 15 30 1799
316.0 7 39 2 5 17 22 7 120 2 90 76 10 29 2 105 285 34 2 41 312 2 10 5 63 105 2 78 112 2 110 15 29 1745
317.0 7 38 2 5 17 21 7 116 2 88 73 9 28 2 102 277 33 2 40 303 2 9 5 62 102 2 76 109 2 107 14 28 1692
318.0 7 37 2 5 16 21 7 112 2 85 71 9 28 2 99 269 32 2 39 294 2 9 5 60 99 2 73 106 2 103 14 28 1642
319.0 7 36 2 4 16 20 7 109 2 82 69 9 27 2 96 261 31 2 38 285 2 9 4 58 96 2 71 102 2 100 13 27 1592
320.0 6 35 2 4 15 19 6 106 2 80 67 9 26 2 93 253 30 2 37 277 2 9 4 56 93 2 69 99 2 97 13 26 1545
321.0 6 34 2 4 15 19 6 103 2 78 65 8 25 2 90 245 29 2 36 268 2 8 4 54 90 2 67 96 2 94 13 25 1498
322.0 6 33 2 4 14 18 6 100 2 75 63 8 24 2 87 238 28 2 35 260 2 8 4 53 87 2 65 94 2 91 12 24 1454
323.0 6 32 2 4 14 18 6 97 2 73 61 8 24 2 85 231 28 2 34 252 2 8 4 51 85 2 63 91 2 89 12 24 1410
324.0 6 31 2 4 13 17 6 94 2 71 59 8 23 2 82 224 27 2 33 245 2 8 4 50 82 2 61 88 2 86 11 23 1368
325.0 6 30 2 4 13 17 6 91 2 69 58 7 22 2 80 217 26 2 32 238 2 7 4 48 80 2 59 85 2 84 11 22 1327
326.0 5 29 2 4 13 16 5 88 2 67 56 7 22 2 77 211 25 2 31 230 2 7 4 47 77 2 58 83 2 81 11 22 1287
327.0 5 28 2 3 12 16 5 86 2 65 54 7 21 2 75 204 24 2 30 224 2 7 3 45 75 2 56 80 2 79 10 21 1249
328.0 5 27 2 3 12 15 5 83 2 63 53 7 20 2 73 198 24 2 29 217 2 7 3 44 73 2 54 78 2 76 10 20 1211
329.0 5 26 2 3 12 15 5 81 2 61 51 7 20 2 71 192 23 2 28 210 2 7 3 43 71 2 53 76 2 74 10 20 1175
330.0 5 26 2 3 11 14 5 78 2 59 49 6 19 2 69 187 22 2 27 204 2 6 3 41 69 2 51 73 2 72 10 19 1140
331.0 5 25 2 3 11 14 5 76 2 57 48 6 19 2 66 181 22 2 26 198 2 6 3 40 66 2 49 71 2 70 9 19 1106
332.0 4 24 1 3 10 13 4 73 1 55 46 6 18 1 64 175 21 1 25 192 1 6 3 39 64 1 48 69 1 67 9 18 1072
333.0 4 23 1 3 10 13 4 71 1 54 45 6 17 1 63 170 20 1 25 186 1 6 3 38 63 1 47 67 1 65 9 17 1040
334.0 4 23 1 3 10 13 4 69 1 52 44 6 17 1 61 165 20 1 24 181 1 6 3 37 61 1 45 65 1 64 8 17 1009
335.0 4 22 1 3 10 12 4 67 1 51 42 5 16 1 59 160 19 1 23 175 1 5 3 36 59 1 44 63 1 62 8 16 979
336.0 4 21 1 3 9 12 4 65 1 49 41 5 16 1 57 155 19 1 23 170 1 5 3 35 57 1 42 61 1 60 8 16 949
337.0 4 21 1 3 9 12 4 63 1 48 40 5 15 1 55 151 18 1 22 165 1 5 3 33 55 1 41 59 1 58 8 15 921
338.0 4 20 1 2 9 11 4 61 1 46 39 5 15 1 54 146 17 1 21 160 1 5 2 32 54 1 40 57 1 56 7 15 893
339.0 4 19 1 2 8 11 4 59 1 45 38 5 15 1 52 142 17 1 21 155 1 5 2 32 52 1 39 56 1 55 7 15 867
340.0 4 19 1 2 8 11 4 58 1 44 36 5 14 1 51 138 16 1 20 151 1 5 2 31 51 1 38 54 1 53 7 14 841
341.0 3 18 1 2 8 10 3 56 1 42 35 5 14 1 49 133 16 1 19 146 1 5 2 30 49 1 36 52 1 51 7 14 816
342.0 3 18 1 2 8 10 3 54 1 41 34 4 13 1 48 129 15 1 19 142 1 4 2 29 48 1 35 51 1 50 7 13 791
343.0 3 17 1 2 8 10 3 53 1 40 33 4 13 1 46 126 15 1 18 137 1 4 2 28 46 1 34 49 1 48 6 13 767
344.0 3 17 1 2 7 9 3 51 1 39 32 4 12 1 45 122 15 1 18 133 1 4 2 27 45 1 33 48 1 47 6 12 744
345.0 3 16 1 2 7 9 3 49 1 37 31 4 12 1 43 118 14 1 17 129 1 4 2 26 43 1 32 46 1 45 6 12 722
346.0 3 16 1 2 7 9 3 48 1 36 30 4 12 1 42 115 14 1 17 125 1 4 2 25 42 1 31 45 1 44 6 12 701
347.0 3 15 1 2 7 9 3 47 1 35 29 4 11 1 41 111 13 1 16 122 1 4 2 25 41 1 30 44 1 43 6 11 680
348.0 3 15 1 2 6 8 3 45 1 34 29 4 11 1 40 108 13 1 16 118 1 4 2 24 40 1 30 42 1 41 6 11 659
349.0 3 14 1 2 6 8 3 44 1 33 28 4 11 1 38 105 13 1 15 115 1 4 2 23 38 1 29 41 1 40 5 11 640
350.0 3 14 1 2 6 8 3 43 1 32 27 3 10 1 37 102 12 1 15 111 1 3 2 23 37 1 28 40 1 39 5 10 621
351.0 3 13 1 2 6 8 3 41 1 31 26 3 10 1 36 99 12 1 14 108 1 3 2 22 36 1 27 39 1 38 5 10 602
352.0 2 13 1 2 6 7 2 40 1 30 25 3 10 1 35 96 11 1 14 105 1 3 2 21 35 1 26 38 1 37 5 10 584
353.0 2 13 1 2 6 7 2 39 1 29 25 3 10 1 34 93 11 1 13 101 1 3 2 21 34 1 25 36 1 36 5 10 567
354.0 2 12 1 2 5 7 2 38 1 28 24 3 9 1 33 90 11 1 13 98 1 3 2 20 33 1 25 35 1 35 5 9 550
355.0 2 12 1 1 5 7 2 37 1 28 23 3 9 1 32 87 10 1 13 95 1 3 1 19 32 1 24 34 1 34 4 9 533
356.0 2 12 1 1 5 7 2 35 1 27 22 3 9 1 31 85 10 1 12 93 1 3 1 19 31 1 23 33 1 33 4 9 517
357.0 2 11 1 1 5 6 2 34 1 26 22 3 8 1 30 82 10 1 12 90 1 3 1 18 30 1 22 32 1 32 4 8 502
358.0 2 11 1 1 5 6 2 33 1 25 21 3 8 1 29 80 10 1 12 87 1 3 1 18 29 1 22 31 1 31 4 8 487
359.0 2 11 1 1 5 6 2 32 1 24 20 3 8 1 28 77 9 1 11 85 1 3 1 17 28 1 21 30 1 30 4 8 472
360.0 2 10 1 1 4 6 2 31 1 24 20 3 8 1 28 75 9 1 11 82 1 3 1 17 28 1 21 29 1 29 4 8 458
361.0 2 10 1 1 4 6 2 30 1 23 19 2 7 1 27 73 9 1 11 80 1 2 1 16 27 1 20 29 1 28 4 7 445
362.0 2 10 1 1 4 5 2 30 1 22 19 2 7 1 26 71 8 1 10 77 1 2 1 16 26 1 19 28 1 27 4 7 431
363.0 2 9 1 1 4 5 2 29 1 22 18 2 7 1 25 68 8 1 10 75 1 2 1 15 25 1 19 27 1 26 4 7 419
364.0 2 9 1 1 4 5 2 28 1 21 18 2 7 1 24 66 8 1 10 73 1 2 1 15 24 1 18 26 1 26 3 7 406
365.0 2 9 1 1 4 5 2 27 1 20 17 2 7 1 24 64 8 1 9 71 1 2 1 14 24 1 18 25 1 25 3 7 394
