Covid-19 Population Estimated by PSD Model @ CDS/IISc
Day AN AP AR AS BR CH CT DL GA GJ HR HP JK JH KA KL LA LD MP MH MN OR PY PB RJ SK TN TG TR UP UT WB Total
0.0 3 17 1 2 7 9 3 51 1 38 32 4 12 1 45 121 14 1 18 132 1 4 2 27 45 1 33 48 1 47 6 12 740
1.0 4 20 1 3 9 11 4 62 1 47 39 5 15 1 54 148 18 1 21 162 1 5 3 33 54 1 40 58 1 57 8 15 902
2.0 4 23 1 3 10 13 4 72 1 54 45 6 18 1 63 171 20 1 25 187 1 6 3 38 63 1 47 67 1 66 9 18 1045
3.0 5 27 2 3 12 15 5 81 2 61 51 7 20 2 71 194 23 2 28 212 2 7 3 43 71 2 53 76 2 75 10 20 1187
4.0 6 30 2 4 13 17 6 92 2 69 58 7 22 2 81 219 26 2 32 240 2 7 4 49 81 2 60 86 2 84 11 22 1340
5.0 6 34 2 4 15 19 6 104 2 78 65 8 25 2 91 247 30 2 36 270 2 8 4 55 91 2 68 97 2 95 13 25 1510
6.0 7 38 2 5 17 21 7 117 2 88 74 10 29 2 102 279 33 2 40 305 2 10 5 62 102 2 76 109 2 107 14 29 1702
7.0 8 43 3 5 19 24 8 131 3 99 83 11 32 3 115 314 38 3 46 343 3 11 5 70 115 3 86 123 3 121 16 32 1917
8.0 9 48 3 6 21 27 9 148 3 112 94 12 36 3 130 353 42 3 51 387 3 12 6 79 130 3 97 139 3 136 18 36 2160
9.0 10 54 3 7 24 31 10 167 3 126 105 14 41 3 146 398 48 3 58 435 3 14 7 88 146 3 109 156 3 153 20 41 2431
10.0 11 61 4 8 27 34 11 187 4 142 119 15 46 4 165 448 54 4 65 490 4 15 8 99 165 4 122 176 4 172 23 46 2735
11.0 13 69 4 9 30 39 13 211 4 159 133 17 52 4 185 503 60 4 73 551 4 17 9 112 185 4 138 198 4 194 26 52 3076
12.0 14 77 5 10 34 43 14 237 5 179 150 19 58 5 208 565 68 5 82 619 5 19 10 126 208 5 155 222 5 217 29 58 3455
13.0 16 87 5 11 38 49 16 266 5 201 168 22 65 5 233 635 76 5 92 694 5 22 11 141 233 5 174 250 5 244 33 65 3878
14.0 18 97 6 12 43 55 18 298 6 225 189 24 73 6 262 712 85 6 103 779 6 24 12 158 262 6 195 280 6 274 36 73 4349
15.0 20 109 7 14 48 61 20 334 7 252 211 27 82 7 293 797 95 7 116 872 7 27 14 177 293 7 218 313 7 307 41 82 4871
16.0 23 122 8 15 53 68 23 373 8 281 236 30 91 8 327 890 107 8 129 974 8 30 15 198 327 8 243 350 8 342 46 91 5440
17.0 25 135 8 17 59 76 25 415 8 313 262 34 102 8 364 990 118 8 144 1083 8 34 17 220 364 8 271 389 8 381 51 102 6050
18.0 28 150 9 19 66 84 28 459 9 347 290 37 112 9 403 1096 131 9 159 1199 9 37 19 244 403 9 300 431 9 422 56 112 6700
19.0 31 165 10 21 72 93 31 506 10 382 320 41 124 10 444 1209 145 10 176 1322 10 41 21 269 444 10 331 475 10 465 62 124 7387
20.0 34 181 11 23 79 102 34 556 11 419 351 45 136 11 488 1326 159 11 193 1451 11 45 23 295 488 11 363 522 11 510 68 136 8106
21.0 37 198 12 25 87 111 37 607 12 458 384 50 149 12 533 1449 173 12 211 1585 12 50 25 322 533 12 396 570 12 557 74 149 8856
22.0 40 215 13 27 94 121 40 660 13 498 417 54 162 13 579 1575 188 13 229 1723 13 54 27 350 579 13 431 619 13 606 81 162 9626
23.0 44 234 15 29 102 132 44 716 15 541 453 58 175 15 628 1710 205 15 248 1871 15 58 29 380 628 15 468 672 15 658 88 175 10450
24.0 48 253 16 32 111 143 48 776 16 586 491 63 190 16 681 1853 222 16 269 2027 16 63 32 412 681 16 507 729 16 713 95 190 11325
25.0 51 274 17 34 120 154 51 840 17 634 531 69 206 17 737 2005 240 17 291 2193 17 69 34 446 737 17 548 788 17 771 103 206 12252
26.0 56 296 19 37 130 167 56 907 19 685 574 74 222 19 796 2166 259 19 315 2369 19 74 37 481 796 19 592 851 19 833 111 222 13235
27.0 60 319 20 40 140 180 60 978 20 739 619 80 240 20 859 2336 280 20 339 2556 20 80 40 519 859 20 639 918 20 898 120 240 14275
28.0 65 344 22 43 151 194 65 1054 22 796 667 86 258 22 925 2516 301 22 366 2753 22 86 43 559 925 22 688 989 22 968 129 258 15378
29.0 69 370 23 46 162 208 69 1134 23 856 717 93 278 23 995 2708 324 23 393 2962 23 93 46 602 995 23 741 1065 23 1041 139 278 16547
30.0 75 398 25 50 174 224 75 1219 25 920 771 100 299 25 1070 2910 348 25 423 3184 25 100 50 647 1070 25 796 1144 25 1119 149 299 17786
31.0 80 427 27 53 187 240 80 1309 27 988 828 107 321 27 1149 3125 374 27 454 3419 27 107 53 694 1149 27 855 1229 27 1202 160 321 19098
32.0 86 458 29 57 201 258 86 1404 29 1060 888 115 344 29 1232 3352 401 29 487 3668 29 115 57 745 1232 29 917 1318 29 1289 172 344 20487
33.0 92 491 31 61 215 276 92 1505 31 1136 952 123 368 31 1320 3593 430 31 522 3931 31 123 61 798 1320 31 983 1413 31 1382 184 368 21956
34.0 99 526 33 66 230 296 99 1611 33 1217 1019 132 395 33 1414 3847 460 33 559 4209 33 132 66 855 1414 33 1052 1513 33 1480 197 395 23510
35.0 106 563 35 70 246 317 106 1724 35 1302 1091 141 422 35 1513 4116 493 35 598 4503 35 141 70 915 1513 35 1126 1618 35 1583 211 422 25153
36.0 113 602 38 75 263 338 113 1843 38 1391 1166 150 451 38 1617 4400 526 38 639 4814 38 150 75 978 1617 38 1203 1730 38 1692 226 451 26889
37.0 120 642 40 80 281 361 120 1967 40 1485 1244 161 482 40 1726 4697 562 40 682 5138 40 161 80 1044 1726 40 1285 1847 40 1806 241 482 28702
38.0 128 684 43 86 299 385 128 2096 43 1582 1326 171 513 43 1839 5004 599 43 727 5474 43 171 86 1112 1839 43 1369 1967 43 1924 257 513 30578
39.0 136 728 45 91 318 409 136 2228 45 1683 1410 182 546 45 1955 5320 637 45 773 5821 45 182 91 1182 1955 45 1455 2092 45 2046 273 546 32513
40.0 145 772 48 97 338 434 145 2364 48 1785 1496 193 579 48 2075 5646 676 48 820 6177 48 193 97 1255 2075 48 1544 2220 48 2171 290 579 34502
41.0 153 818 51 102 358 460 153 2504 51 1891 1584 204 613 51 2197 5979 715 51 869 6541 51 204 102 1329 2197 51 1635 2351 51 2300 307 613 36537
42.0 162 864 54 108 378 486 162 2646 54 1998 1674 216 648 54 2322 6318 756 54 918 6912 54 216 108 1404 2322 54 1728 2484 54 2430 324 648 38610
43.0 171 911 57 114 399 512 171 2790 57 2107 1765 228 683 57 2448 6662 797 57 968 7288 57 228 114 1480 2448 57 1822 2619 57 2562 342 683 40712
44.0 180 958 60 120 419 539 180 2935 60 2216 1857 240 719 60 2576 7009 839 60 1018 7668 60 240 120 1558 2576 60 1917 2756 60 2696 359 719 42832
45.0 189 1006 63 126 440 566 189 3081 63 2327 1949 252 755 63 2704 7357 880 63 1069 8049 63 252 126 1635 2704 63 2012 2893 63 2830 377 755 44960
46.0 198 1054 66 132 461 593 198 3227 66 2437 2041 263 790 66 2832 7705 922 66 1120 8429 66 263 132 1712 2832 66 2107 3029 66 2963 395 790 47086
47.0 206 1101 69 138 482 619 206 3372 69 2546 2133 275 826 69 2959 8050 963 69 1170 8807 69 275 138 1789 2959 69 2202 3165 69 3096 413 826 49197
48.0 215 1148 72 143 502 646 215 3515 72 2654 2223 287 861 72 3084 8392 1004 72 1219 9181 72 287 143 1865 3084 72 2295 3299 72 3228 430 861 51283
49.0 224 1193 75 149 522 671 224 3655 75 2760 2312 298 895 75 3207 8727 1044 75 1268 9547 75 298 149 1939 3207 75 2387 3431 75 3357 448 895 53332
50.0 232 1238 77 155 542 696 232 3792 77 2863 2399 310 929 77 3328 9054 1083 77 1316 9905 77 310 155 2012 3328 77 2476 3560 77 3482 464 929 55331
51.0 240 1282 80 160 561 721 240 3925 80 2964 2483 320 961 80 3444 9372 1121 80 1362 10253 80 320 160 2083 3444 80 2563 3685 80 3604 481 961 57271
52.0 248 1325 83 166 580 745 248 4057 83 3063 2566 331 993 83 3560 9686 1159 83 1407 10597 83 331 166 2152 3560 83 2649 3808 83 3725 497 993 59192
53.0 256 1368 85 171 598 769 256 4189 85 3163 2650 342 1026 85 3676 10003 1197 85 1453 10944 85 342 171 2223 3676 85 2736 3933 85 3847 513 1026 61132
54.0 265 1412 88 176 618 794 265 4323 88 3265 2735 353 1059 88 3794 10323 1235 88 1500 11294 88 353 176 2294 3794 88 2823 4059 88 3970 529 1059 63086
55.0 273 1456 91 182 637 819 273 4459 91 3367 2821 364 1092 91 3913 10646 1274 91 1547 11647 91 364 182 2366 3913 91 2912 4186 91 4095 546 1092 65058
56.0 281 1500 94 188 656 844 281 4595 94 3470 2907 375 1125 94 4032 10972 1313 94 1594 12003 94 375 188 2438 4032 94 3001 4314 94 4220 563 1125 67049
57.0 290 1545 97 193 676 869 290 4733 97 3574 2994 386 1159 97 4154 11301 1352 97 1642 12364 97 386 193 2511 4154 97 3091 4443 97 4347 580 1159 69064
58.0 298 1591 99 199 696 895 298 4873 99 3680 3083 398 1193 99 4276 11636 1392 99 1691 12730 99 398 199 2586 4276 99 3182 4575 99 4475 597 1193 71107
59.0 307 1638 102 205 716 921 307 5015 102 3787 3173 409 1228 102 4401 11975 1433 102 1740 13101 102 409 205 2661 4401 102 3275 4708 102 4606 614 1228 73182
60.0 316 1685 105 211 737 948 316 5160 105 3896 3264 421 1264 105 4528 12321 1474 105 1790 13479 105 421 211 2738 4528 105 3370 4844 105 4739 632 1264 75292
61.0 325 1733 108 217 758 975 325 5307 108 4007 3358 433 1300 108 4657 12672 1516 108 1841 13864 108 433 217 2816 4657 108 3466 4982 108 4874 650 1300 77441
62.0 334 1782 111 223 780 1002 334 5457 111 4121 3453 445 1336 111 4789 13031 1559 111 1893 14256 111 445 223 2896 4789 111 3564 5123 111 5012 668 1336 79632
63.0 344 1832 115 229 802 1031 344 5611 115 4237 3550 458 1374 115 4924 13397 1603 115 1947 14656 115 458 229 2977 4924 115 3664 5267 115 5153 687 1374 81868
64.0 353 1883 118 235 824 1059 353 5767 118 4355 3649 471 1412 118 5061 13770 1648 118 2001 15065 118 471 235 3060 5061 118 3766 5414 118 5296 706 1412 84151
65.0 363 1935 121 242 847 1089 363 5927 121 4475 3750 484 1452 121 5201 14152 1693 121 2056 15483 121 484 242 3145 5201 121 3871 5564 121 5443 726 1452 86485
66.0 373 1989 124 249 870 1119 373 6091 124 4599 3853 497 1492 124 5345 14543 1740 124 2113 15910 124 497 249 3232 5345 124 3978 5718 124 5593 746 1492 88872
67.0 383 2043 128 255 894 1149 383 6258 128 4725 3959 511 1533 128 5492 14942 1788 128 2171 16347 128 511 255 3321 5492 128 4087 5875 128 5747 766 1533 91315
68.0 394 2099 131 262 918 1181 394 6429 131 4855 4068 525 1575 131 5642 15352 1837 131 2231 16795 131 525 262 3411 5642 131 4199 6036 131 5904 787 1575 93816
69.0 404 2157 135 270 944 1213 404 6605 135 4987 4179 539 1618 135 5796 15771 1887 135 2291 17254 135 539 270 3505 5796 135 4313 6200 135 6066 809 1618 96377
70.0 415 2215 138 277 969 1246 415 6785 138 5123 4292 554 1662 138 5954 16200 1938 138 2354 17723 138 554 277 3600 5954 138 4431 6369 138 6231 831 1662 99001
71.0 427 2276 142 284 996 1280 427 6969 142 5262 4409 569 1707 142 6116 16640 1991 142 2418 18205 142 569 284 3698 6116 142 4551 6542 142 6400 853 1707 101691
72.0 438 2337 146 292 1023 1315 438 7158 146 5405 4529 584 1753 146 6281 17092 2045 146 2483 18698 146 584 292 3798 6281 146 4675 6720 146 6574 876 1753 104448
73.0 450 2401 150 300 1050 1350 450 7352 150 5551 4651 600 1800 150 6452 17554 2100 150 2551 19205 150 600 300 3901 6452 150 4801 6902 150 6752 900 1800 107275
74.0 462 2465 154 308 1079 1387 462 7550 154 5701 4777 616 1849 154 6626 18029 2157 154 2620 19724 154 616 308 4006 6626 154 4931 7088 154 6934 925 1849 110175
75.0 475 2532 158 317 1108 1424 475 7754 158 5855 4906 633 1899 158 6805 18515 2216 158 2690 20256 158 633 317 4115 6805 158 5064 7280 158 7121 950 1899 113149
76.0 487 2600 162 325 1137 1462 487 7962 162 6012 5037 650 1950 162 6987 19012 2275 162 2762 20800 162 650 325 4225 6987 162 5200 7475 162 7312 975 1950 116185
77.0 500 2669 167 334 1168 1501 500 8174 167 6172 5171 667 2002 167 7173 19517 2335 167 2836 21352 167 667 334 4337 7173 167 5338 7673 167 7507 1001 2002 119273
78.0 514 2739 171 342 1198 1541 514 8389 171 6335 5307 685 2054 171 7362 20031 2397 171 2910 21914 171 685 342 4451 7362 171 5478 7875 171 7704 1027 2054 122410
79.0 527 2811 176 351 1230 1581 527 8607 176 6499 5445 703 2108 176 7553 20552 2459 176 2986 22484 176 703 351 4567 7553 176 5621 8080 176 7905 1054 2108 125596
80.0 541 2883 180 360 1261 1622 541 8829 180 6666 5585 721 2162 180 7748 21081 2522 180 3063 23062 180 721 360 4685 7748 180 5766 8288 180 8108 1081 2162 128825
81.0 554 2956 185 369 1293 1663 554 9053 185 6836 5727 739 2217 185 7944 21616 2586 185 3141 23648 185 739 369 4803 7944 185 5912 8498 185 8314 1108 2217 132096
82.0 568 3030 189 379 1326 1704 568 9279 189 7007 5871 758 2273 189 8143 22157 2651 189 3219 24240 189 758 379 4924 8143 189 6060 8711 189 8522 1136 2273 135404
83.0 582 3105 194 388 1358 1746 582 9508 194 7180 6015 776 2329 194 8344 22704 2717 194 3299 24838 194 776 388 5045 8344 194 6210 8926 194 8732 1164 2329 138744
84.0 596 3180 199 398 1391 1789 596 9739 199 7354 6162 795 2385 199 8547 23255 2783 199 3379 25441 199 795 398 5168 8547 199 6360 9143 199 8944 1193 2385 142113
85.0 611 3256 204 407 1425 1832 611 9972 204 7530 6309 814 2442 204 8751 23810 2849 204 3460 26049 204 814 407 5291 8751 204 6512 9361 204 9158 1221 2442 145507
86.0 625 3332 208 417 1458 1875 625 10206 208 7706 6457 833 2499 208 8956 24369 2916 208 3541 26660 208 833 417 5415 8956 208 6665 9581 208 9373 1250 2499 148921
87.0 639 3409 213 426 1492 1918 639 10441 213 7884 6605 852 2557 213 9162 24930 2983 213 3622 27274 213 852 426 5540 9162 213 6818 9802 213 9588 1278 2557 152349
88.0 654 3486 218 436 1525 1961 654 10676 218 8062 6754 872 2615 218 9369 25493 3050 218 3704 27889 218 872 436 5665 9369 218 6972 10023 218 9805 1307 2615 155789
89.0 668 3563 223 445 1559 2004 668 10913 223 8240 6904 891 2672 223 9576 26056 3118 223 3786 28506 223 891 445 5790 9576 223 7127 10244 223 10022 1336 2672 159234
90.0 683 3640 228 455 1593 2048 683 11149 228 8418 7053 910 2730 228 9783 26620 3185 228 3868 29123 228 910 455 5916 9783 228 7281 10466 228 10239 1365 2730 162679
91.0 697 3717 232 465 1626 2091 697 11384 232 8596 7202 929 2788 232 9990 27183 3253 232 3950 29739 232 929 465 6041 9990 232 7435 10687 232 10455 1394 2788 166119
92.0 711 3794 237 474 1660 2134 711 11619 237 8774 7351 949 2846 237 10197 27744 3320 237 4031 30353 237 949 474 6165 10197 237 7588 10908 237 10671 1423 2846 169550
93.0 726 3871 242 484 1693 2177 726 11853 242 8951 7499 968 2903 242 10402 28303 3387 242 4112 30964 242 968 484 6290 10402 242 7741 11128 242 10886 1451 2903 172964
94.0 740 3946 247 493 1727 2220 740 12086 247 9126 7646 987 2960 247 10606 28858 3453 247 4193 31571 247 987 493 6413 10606 247 7893 11346 247 11099 1480 2960 176356
95.0 754 4022 251 503 1760 2262 754 12317 251 9300 7792 1005 3016 251 10808 29409 3519 251 4273 32174 251 1005 503 6535 10808 251 8043 11562 251 11311 1508 3016 179721
96.0 768 4096 256 512 1792 2304 768 12545 256 9473 7937 1024 3072 256 11009 29954 3584 256 4352 32770 256 1024 512 6656 11009 256 8193 11777 256 11521 1536 3072 183053
97.0 782 4170 261 521 1824 2346 782 12770 261 9643 8079 1042 3127 261 11207 30493 3649 261 4431 33360 261 1042 521 6776 11207 261 8340 11989 261 11728 1564 3127 186345
98.0 795 4243 265 530 1856 2386 795 12993 265 9811 8220 1061 3182 265 11402 31024 3712 265 4508 33941 265 1061 530 6894 11402 265 8485 12197 265 11932 1591 3182 189591
99.0 809 4314 270 539 1887 2427 809 13212 270 9976 8358 1079 3236 270 11594 31547 3775 270 4584 34513 270 1079 539 7010 11594 270 8628 12403 270 12133 1618 3236 192785
100.0 822 4384 274 548 1918 2466 822 13427 274 10139 8494 1096 3288 274 11783 32060 3836 274 4658 35074 274 1096 548 7124 11783 274 8768 12605 274 12331 1644 3288 195920
101.0 835 4453 278 557 1948 2505 835 13637 278 10297 8628 1113 3340 278 11967 32562 3896 278 4731 35624 278 1113 557 7236 11967 278 8906 12802 278 12524 1670 3340 198991
102.0 848 4520 283 565 1978 2543 848 13843 283 10453 8758 1130 3390 283 12148 33053 3955 283 4803 36160 283 1130 565 7345 12148 283 9040 12995 283 12713 1695 3390 201990
103.0 860 4585 287 573 2006 2579 860 14043 287 10604 8884 1146 3439 287 12323 33531 4012 287 4872 36684 287 1146 573 7451 12323 287 9171 13183 287 12897 1720 3439 204912
104.0 872 4649 291 581 2034 2615 872 14237 291 10751 9007 1162 3487 291 12494 33995 4068 291 4940 37192 291 1162 581 7555 12494 291 9298 13366 291 13075 1743 3487 207750
105.0 883 4710 294 589 2061 2650 883 14426 294 10893 9126 1178 3533 294 12659 34445 4122 294 5005 37683 294 1178 589 7654 12659 294 9421 13542 294 13248 1766 3533 210497
106.0 894 4770 298 596 2087 2683 894 14607 298 11030 9241 1192 3577 298 12819 34879 4174 298 5068 38158 298 1192 596 7751 12819 298 9540 13713 298 13415 1789 3577 213149
107.0 905 4827 302 603 2112 2715 905 14782 302 11162 9352 1207 3620 302 12972 35296 4223 302 5128 38614 302 1207 603 7844 12972 302 9654 13877 302 13575 1810 3620 215697
108.0 915 4881 305 610 2136 2746 915 14949 305 11288 9458 1220 3661 305 13119 35695 4271 305 5186 39051 305 1220 610 7932 13119 305 9763 14034 305 13729 1831 3661 218137
109.0 925 4933 308 617 2158 2775 925 15109 308 11409 9559 1233 3700 308 13259 36076 4317 308 5242 39468 308 1233 617 8017 13259 308 9867 14184 308 13875 1850 3700 220463
110.0 934 4983 311 623 2180 2803 934 15260 311 11523 9654 1246 3737 311 13391 36437 4360 311 5294 39862 311 1246 623 8097 13391 311 9966 14326 311 14014 1869 3737 222669
111.0 943 5029 314 629 2200 2829 943 15402 314 11630 9744 1257 3772 314 13516 36777 4401 314 5344 40235 314 1257 629 8173 13516 314 10059 14459 314 14145 1886 3772 224750
112.0 951 5073 317 634 2219 2854 951 15536 317 11731 9829 1268 3805 317 13634 37096 4439 317 5390 40584 317 1268 634 8244 13634 317 10146 14585 317 14268 1902 3805 226701
113.0 959 5114 320 639 2237 2876 959 15661 320 11825 9908 1278 3835 320 13743 37394 4474 320 5433 40909 320 1278 639 8310 13743 320 10227 14702 320 14382 1918 3835 228516
114.0 966 5151 322 644 2254 2898 966 15775 322 11912 9980 1288 3863 322 13844 37668 4507 322 5473 41209 322 1288 644 8371 13844 322 10302 14810 322 14488 1932 3863 230191
115.0 972 5185 324 648 2269 2917 972 15880 324 11991 10047 1296 3889 324 13936 37918 4537 324 5509 41483 324 1296 648 8426 13936 324 10371 14908 324 14584 1945 3889 231723
116.0 978 5216 326 652 2282 2934 978 15975 326 12063 10107 1304 3912 326 14019 38145 4564 326 5542 41731 326 1304 652 8477 14019 326 10433 14997 326 14671 1956 3912 233107
117.0 983 5244 328 655 2294 2950 983 16060 328 12127 10160 1311 3933 328 14093 38346 4588 328 5572 41952 328 1311 655 8521 14093 328 10488 15076 328 14749 1966 3933 234339
118.0 988 5268 329 659 2305 2963 988 16133 329 12182 10207 1317 3951 329 14158 38523 4610 329 5597 42145 329 1317 659 8561 14158 329 10536 15146 329 14816 1976 3951 235417
119.0 992 5289 331 661 2314 2975 992 16197 331 12230 10247 1322 3967 331 14213 38674 4628 331 5619 42309 331 1322 661 8594 14213 331 10577 15205 331 14874 1983 3967 236338
120.0 995 5306 332 663 2321 2984 995 16249 332 12270 10280 1326 3979 332 14259 38798 4643 332 5637 42446 332 1326 663 8622 14259 332 10611 15254 332 14922 1990 3979 237100
121.0 997 5319 332 665 2327 2992 997 16290 332 12301 10306 1330 3989 332 14295 38896 4654 332 5652 42553 332 1330 665 8644 14295 332 10638 15293 332 14960 1995 3989 237700
122.0 999 5329 333 666 2331 2998 999 16320 333 12323 10325 1332 3997 333 14322 38968 4663 333 5662 42632 333 1332 666 8660 14322 333 10658 15321 333 14988 1998 3997 238138
123.0 1000 5335 333 667 2334 3001 1000 16339 333 12337 10337 1334 4001 333 14338 39013 4668 333 5669 42681 333 1334 667 8670 14338 333 10670 15338 333 15005 2001 4001 238413
124.0 1001 5338 334 667 2335 3002 1001 16346 334 12343 10342 1334 4003 334 14345 39031 4670 334 5671 42701 334 1334 667 8674 14345 334 10675 15346 334 15012 2002 4003 238524
125.0 1001 5336 334 667 2335 3002 1001 16343 334 12340 10339 1334 4002 334 14342 39022 4669 334 5670 42691 334 1334 667 8672 14342 334 10673 15342 334 15009 2001 4002 238471
126.0 1000 5332 333 666 2333 2999 1000 16328 333 12329 10330 1333 3999 333 14329 38987 4665 333 5665 42652 333 1333 666 8664 14329 333 10663 15328 333 14995 1999 3999 238254
127.0 998 5323 333 665 2329 2994 998 16302 333 12310 10313 1331 3992 333 14306 38925 4658 333 5656 42585 333 1331 665 8650 14306 333 10646 15304 333 14971 1996 3992 237875
128.0 996 5311 332 664 2324 2987 996 16265 332 12282 10290 1328 3983 332 14273 38837 4647 332 5643 42488 332 1328 664 8630 14273 332 10622 15269 332 14937 1992 3983 237336
129.0 993 5295 331 662 2317 2979 993 16217 331 12246 10260 1324 3972 331 14231 38722 4633 331 5626 42363 331 1324 662 8605 14231 331 10591 15224 331 14893 1986 3972 236637
130.0 989 5276 330 660 2308 2968 989 16158 330 12201 10223 1319 3957 330 14180 38582 4617 330 5606 42210 330 1319 660 8574 14180 330 10552 15169 330 14839 1979 3957 235781
131.0 985 5254 328 657 2298 2955 985 16089 328 12149 10179 1313 3940 328 14119 38417 4597 328 5582 42029 328 1313 657 8537 14119 328 10507 15104 328 14776 1970 3940 234772
132.0 980 5228 327 653 2287 2941 980 16010 327 12089 10129 1307 3921 327 14049 38227 4574 327 5554 41821 327 1307 653 8495 14049 327 10455 15030 327 14703 1960 3921 233611
133.0 975 5198 325 650 2274 2924 975 15920 325 12021 10072 1300 3899 325 13971 38013 4549 325 5523 41587 325 1300 650 8447 13971 325 10397 14945 325 14621 1949 3899 232304
134.0 969 5166 323 646 2260 2906 969 15821 323 11946 10009 1291 3874 323 13883 37776 4520 323 5489 41327 323 1291 646 8395 13883 323 10332 14852 323 14529 1937 3874 230852
135.0 962 5130 321 641 2245 2886 962 15712 321 11864 9940 1283 3848 321 13788 37516 4489 321 5451 41043 321 1283 641 8337 13788 321 10261 14750 321 14429 1924 3848 229262
136.0 955 5092 318 636 2228 2864 955 15593 318 11775 9865 1273 3819 318 13684 37233 4455 318 5410 40734 318 1273 636 8274 13684 318 10183 14639 318 14320 1909 3819 227537
137.0 947 5050 316 631 2209 2841 947 15466 316 11679 9785 1263 3788 316 13572 36930 4419 316 5366 40402 316 1263 631 8207 13572 316 10100 14519 316 14204 1894 3788 225682
138.0 939 5006 313 626 2190 2816 939 15331 313 11576 9699 1251 3754 313 13453 36606 4380 313 5319 40047 313 1251 626 8135 13453 313 10012 14392 313 14079 1877 3754 223702
139.0 930 4959 310 620 2170 2789 930 15187 310 11468 9608 1240 3719 310 13327 36262 4339 310 5269 39672 310 1240 620 8058 13327 310 9918 14257 310 13947 1860 3719 221603
140.0 921 4909 307 614 2148 2762 921 15035 307 11353 9512 1227 3682 307 13194 35900 4296 307 5216 39275 307 1227 614 7978 13194 307 9819 14115 307 13808 1841 3682 219390
141.0 911 4858 304 607 2125 2732 911 14876 304 11233 9411 1214 3643 304 13055 35520 4250 304 5161 38860 304 1214 607 7893 13055 304 9715 13965 304 13662 1822 3643 217070
142.0 901 4803 300 600 2101 2702 901 14710 300 11108 9306 1201 3602 300 12909 35124 4203 300 5103 38426 300 1201 600 7805 12909 300 9607 13809 300 13509 1801 3602 214647
143.0 890 4747 297 593 2077 2670 890 14537 297 10977 9197 1187 3560 297 12757 34712 4154 297 5044 37975 297 1187 593 7714 12757 297 9494 13647 297 13351 1780 3560 212127
144.0 879 4689 293 586 2051 2637 879 14359 293 10842 9084 1172 3516 293 12600 34285 4102 293 4982 37508 293 1172 586 7619 12600 293 9377 13479 293 13186 1758 3516 209518
145.0 868 4628 289 579 2025 2603 868 14174 289 10703 8967 1157 3471 289 12438 33844 4050 289 4918 37026 289 1157 579 7521 12438 289 9256 13306 289 13017 1736 3471 206825
146.0 856 4566 285 571 1998 2569 856 13984 285 10559 8847 1142 3425 285 12272 33391 3995 285 4852 36530 285 1142 571 7420 12272 285 9132 13128 285 12843 1712 3425 204054
147.0 844 4503 281 563 1970 2533 844 13789 281 10412 8724 1126 3377 281 12101 32925 3940 281 4784 36021 281 1126 563 7317 12101 281 9005 12945 281 12664 1688 3377 201211
148.0 832 4438 277 555 1941 2496 832 13590 277 10262 8598 1109 3328 277 11926 32450 3883 277 4715 35500 277 1109 555 7211 11926 277 8875 12758 277 12481 1664 3328 198303
149.0 820 4371 273 546 1912 2459 820 13387 273 10108 8469 1093 3278 273 11747 31964 3825 273 4644 34969 273 1093 546 7103 11747 273 8742 12567 273 12294 1639 3278 195336
150.0 807 4304 269 538 1883 2421 807 13180 269 9952 8338 1076 3228 269 11566 31470 3766 269 4573 34429 269 1076 538 6993 11566 269 8607 12373 269 12104 1614 3228 192316
151.0 794 4235 265 529 1853 2382 794 12969 265 9793 8205 1059 3176 265 11381 30968 3706 265 4500 33879 265 1059 529 6882 11381 265 8470 12175 265 11911 1588 3176 189248
152.0 781 4165 260 521 1822 2343 781 12756 260 9632 8070 1041 3124 260 11194 30459 3645 260 4426 33323 260 1041 521 6769 11194 260 8331 11975 260 11715 1562 3124 186139
153.0 768 4095 256 512 1792 2303 768 12541 256 9470 7934 1024 3071 256 11005 29944 3583 256 4351 32760 256 1024 512 6654 11005 256 8190 11773 256 11517 1536 3071 182994
154.0 754 4024 251 503 1760 2263 754 12323 251 9305 7796 1006 3018 251 10814 29425 3521 251 4275 32191 251 1006 503 6539 10814 251 8048 11569 251 11317 1509 3018 179819
155.0 741 3952 247 494 1729 2223 741 12104 247 9140 7658 988 2964 247 10622 28901 3458 247 4199 31619 247 988 494 6423 10622 247 7905 11363 247 11116 1482 2964 176620
156.0 728 3880 243 485 1698 2183 728 11883 243 8973 7518 970 2910 243 10428 28375 3395 243 4123 31042 243 970 485 6305 10428 243 7761 11156 243 10913 1455 2910 173401
157.0 714 3808 238 476 1666 2142 714 11662 238 8806 7378 952 2856 238 10234 27846 3332 238 4046 30464 238 952 476 6188 10234 238 7616 10948 238 10710 1428 2856 170168
158.0 700 3735 233 467 1634 2101 700 11440 233 8638 7237 934 2802 233 10039 27315 3268 233 3969 29883 233 934 467 6070 10039 233 7471 10739 233 10506 1401 2802 166925
159.0 687 3663 229 458 1602 2060 687 11217 229 8470 7097 916 2747 229 9844 26784 3205 229 3892 29302 229 916 458 5952 9844 229 7325 10530 229 10301 1374 2747 163678
160.0 673 3590 224 449 1571 2019 673 10995 224 8302 6956 898 2693 224 9648 26252 3141 224 3814 28720 224 898 449 5834 9648 224 7180 10321 224 10097 1346 2693 160431
161.0 660 3517 220 440 1539 1979 660 10772 220 8134 6815 879 2638 220 9453 25722 3078 220 3737 28140 220 879 440 5716 9453 220 7035 10113 220 9893 1319 2638 157187
162.0 646 3445 215 431 1507 1938 646 10551 215 7967 6675 861 2584 215 9259 25192 3014 215 3660 27561 215 861 431 5598 9259 215 6890 9905 215 9689 1292 2584 153952
163.0 632 3373 211 422 1476 1897 632 10330 211 7800 6535 843 2530 211 9065 24665 2951 211 3584 26984 211 843 422 5481 9065 211 6746 9697 211 9486 1265 2530 150728
164.0 619 3301 206 413 1444 1857 619 10110 206 7634 6396 825 2476 206 8872 24140 2889 206 3507 26409 206 825 413 5364 8872 206 6602 9491 206 9285 1238 2476 147520
165.0 606 3230 202 404 1413 1817 606 9891 202 7469 6258 807 2422 202 8680 23618 2826 202 3432 25838 202 807 404 5248 8680 202 6460 9286 202 9084 1211 2422 144331
166.0 592 3159 197 395 1382 1777 592 9674 197 7305 6120 790 2369 197 8490 23100 2764 197 3356 25271 197 790 395 5133 8490 197 6318 9082 197 8884 1185 2369 141165
167.0 579 3089 193 386 1351 1737 579 9459 193 7142 5984 772 2316 193 8301 22586 2703 193 3282 24709 193 772 386 5019 8301 193 6177 8880 193 8687 1158 2316 138023
168.0 566 3019 189 377 1321 1698 566 9246 189 6981 5849 755 2264 189 8113 22076 2642 189 3208 24152 189 755 377 4906 8113 189 6038 8679 189 8491 1132 2264 134909
169.0 553 2950 184 369 1291 1659 553 9034 184 6822 5716 737 2212 184 7928 21572 2581 184 3134 23600 184 737 369 4794 7928 184 5900 8481 184 8297 1106 2212 131826
170.0 540 2882 180 360 1261 1621 540 8825 180 6664 5583 720 2161 180 7745 21072 2521 180 3062 23053 180 720 360 4683 7745 180 5763 8285 180 8105 1081 2161 128775
171.0 528 2814 176 352 1231 1583 528 8619 176 6508 5453 704 2111 176 7563 20579 2462 176 2990 22514 176 704 352 4573 7563 176 5628 8091 176 7915 1055 2111 125760
172.0 515 2748 172 343 1202 1546 515 8414 172 6354 5323 687 2061 172 7384 20092 2404 172 2919 21980 172 687 343 4465 7384 172 5495 7899 172 7728 1030 2061 122781
173.0 503 2682 168 335 1173 1508 503 8213 168 6202 5196 670 2011 168 7207 19610 2347 168 2849 21454 168 670 335 4358 7207 168 5364 7710 168 7542 1006 2011 119842
174.0 491 2617 164 327 1145 1472 491 8014 164 6052 5070 654 1963 164 7033 19136 2290 164 2780 20935 164 654 327 4252 7033 164 5234 7524 164 7360 981 1963 116943
175.0 479 2553 160 319 1117 1436 479 7818 160 5904 4946 638 1915 160 6861 18668 2234 160 2713 20424 160 638 319 4149 6861 160 5106 7340 160 7180 957 1915 114085
176.0 467 2490 156 311 1089 1401 467 7626 156 5758 4824 622 1867 156 6692 18208 2179 156 2646 19920 156 622 311 4046 6692 156 4980 7159 156 7003 934 1867 111271
177.0 455 2428 152 303 1062 1366 455 7436 152 5615 4704 607 1821 152 6525 17755 2124 152 2580 19424 152 607 303 3945 6525 152 4856 6980 152 6829 910 1821 108501
178.0 444 2367 148 296 1036 1331 444 7249 148 5474 4586 592 1775 148 6361 17309 2071 148 2515 18936 148 592 296 3846 6361 148 4734 6805 148 6657 888 1775 105777
179.0 433 2307 144 288 1009 1298 433 7065 144 5335 4470 577 1730 144 6200 16871 2019 144 2451 18457 144 577 288 3749 6200 144 4614 6633 144 6489 865 1730 103098
180.0 422 2248 141 281 984 1265 422 6885 141 5199 4356 562 1686 141 6042 16440 1967 141 2389 17986 141 562 281 3653 6042 141 4496 6464 141 6323 843 1686 100467
181.0 411 2190 137 274 958 1232 411 6708 137 5065 4244 548 1643 137 5887 16017 1917 137 2327 17523 137 548 274 3559 5887 137 4381 6297 137 6160 821 1643 97883
182.0 400 2134 133 267 933 1200 400 6534 133 4934 4134 533 1600 133 5734 15602 1867 133 2267 17069 133 533 267 3467 5734 133 4267 6134 133 6001 800 1600 95347
183.0 390 2078 130 260 909 1169 390 6364 130 4805 4026 519 1558 130 5585 15195 1818 130 2208 16624 130 519 260 3377 5585 130 4156 5974 130 5844 779 1558 92859
184.0 379 2023 126 253 885 1138 379 6197 126 4679 3920 506 1518 126 5438 14796 1770 126 2150 16187 126 506 253 3288 5438 126 4047 5817 126 5691 759 1518 90420
185.0 369 1970 123 246 862 1108 369 6033 123 4555 3817 492 1477 123 5294 14405 1724 123 2093 15759 123 492 246 3201 5294 123 3940 5663 123 5540 739 1477 88030
186.0 360 1917 120 240 839 1079 360 5872 120 4434 3715 479 1438 120 5153 14022 1678 120 2037 15340 120 479 240 3116 5153 120 3835 5513 120 5393 719 1438 85688
187.0 350 1866 117 233 816 1050 350 5715 117 4316 3616 467 1400 117 5015 13647 1633 117 1983 14930 117 467 233 3033 5015 117 3732 5365 117 5249 700 1400 83395
188.0 340 1816 113 227 794 1021 340 5561 113 4199 3518 454 1362 113 4880 13279 1589 113 1929 14528 113 454 227 2951 4880 113 3632 5221 113 5107 681 1362 81151
189.0 331 1767 110 221 773 994 331 5411 110 4086 3423 442 1325 110 4748 12920 1546 110 1877 14135 110 442 221 2871 4748 110 3534 5080 110 4969 663 1325 78956
190.0 322 1719 107 215 752 967 322 5264 107 3975 3330 430 1289 107 4619 12569 1504 107 1826 13750 107 430 215 2793 4619 107 3438 4942 107 4834 645 1289 76808
191.0 313 1672 104 209 731 940 313 5120 104 3866 3239 418 1254 104 4493 12225 1463 104 1776 13375 104 418 209 2717 4493 104 3344 4806 104 4702 627 1254 74709
192.0 305 1626 102 203 711 915 305 4979 102 3760 3150 406 1219 102 4370 11889 1423 102 1728 13007 102 406 203 2642 4370 102 3252 4674 102 4573 610 1219 72658
193.0 296 1581 99 198 692 889 296 4842 99 3656 3063 395 1186 99 4249 11561 1383 99 1680 12648 99 395 198 2569 4249 99 3162 4546 99 4447 593 1186 70653
194.0 288 1537 96 192 673 865 288 4708 96 3555 2978 384 1153 96 4131 11241 1345 96 1633 12298 96 384 192 2498 4131 96 3074 4420 96 4323 576 1153 68695
195.0 280 1494 93 187 654 841 280 4577 93 3456 2896 374 1121 93 4016 10928 1308 93 1588 11956 93 374 187 2429 4016 93 2989 4297 93 4203 560 1121 66784
196.0 272 1453 91 182 636 817 272 4449 91 3359 2815 363 1090 91 3904 10623 1271 91 1544 11622 91 363 182 2361 3904 91 2905 4177 91 4086 545 1090 64918
197.0 265 1412 88 176 618 794 265 4324 88 3265 2736 353 1059 88 3795 10325 1235 88 1500 11296 88 353 176 2294 3795 88 2824 4059 88 3971 529 1059 63098
198.0 257 1372 86 172 600 772 257 4202 86 3173 2659 343 1029 86 3688 10034 1201 86 1458 10978 86 343 172 2230 3688 86 2744 3945 86 3859 515 1029 61322
199.0 250 1333 83 167 583 750 250 4084 83 3084 2584 333 1000 83 3584 9751 1167 83 1417 10668 83 333 167 2167 3584 83 2667 3834 83 3750 500 1000 59590
200.0 243 1296 81 162 567 729 243 3968 81 2996 2510 324 972 81 3482 9475 1134 81 1377 10365 81 324 162 2105 3482 81 2591 3725 81 3644 486 972 57901
201.0 236 1259 79 157 551 708 236 3855 79 2911 2439 315 944 79 3383 9205 1101 79 1338 10071 79 315 157 2046 3383 79 2518 3619 79 3541 472 944 56255
202.0 229 1223 76 153 535 688 229 3745 76 2828 2369 306 917 76 3287 8943 1070 76 1299 9784 76 306 153 1987 3287 76 2446 3516 76 3440 459 917 54650
203.0 223 1188 74 148 520 668 223 3638 74 2747 2302 297 891 74 3193 8687 1039 74 1262 9504 74 297 148 1930 3193 74 2376 3415 74 3341 445 891 53087
204.0 216 1154 72 144 505 649 216 3534 72 2668 2236 288 865 72 3101 8438 1010 72 1226 9231 72 288 144 1875 3101 72 2308 3317 72 3245 433 865 51564
205.0 210 1121 70 140 490 630 210 3432 70 2592 2171 280 841 70 3012 8195 981 70 1191 8966 70 280 140 1821 3012 70 2241 3222 70 3152 420 841 50081
206.0 204 1088 68 136 476 612 204 3333 68 2517 2109 272 816 68 2925 7959 952 68 1156 8707 68 272 136 1769 2925 68 2177 3129 68 3061 408 816 48637
207.0 198 1057 66 132 462 595 198 3237 66 2444 2048 264 793 66 2840 7729 925 66 1123 8455 66 264 132 1717 2840 66 2114 3039 66 2973 396 793 47231
208.0 192 1026 64 128 449 577 192 3143 64 2373 1988 257 770 64 2758 7505 898 64 1090 8210 64 257 128 1668 2758 64 2053 2951 64 2886 385 770 45862
209.0 187 996 62 125 436 561 187 3052 62 2304 1931 249 747 62 2678 7287 872 62 1059 7972 62 249 125 1619 2678 62 1993 2865 62 2803 374 747 44530
210.0 181 967 60 121 423 544 181 2963 60 2237 1874 242 726 60 2600 7075 847 60 1028 7740 60 242 121 1572 2600 60 1935 2781 60 2721 363 726 43234
211.0 176 939 59 117 411 528 176 2876 59 2172 1820 235 704 59 2524 6868 822 59 998 7514 59 235 117 1526 2524 59 1878 2700 59 2642 352 704 41973
212.0 171 912 57 114 399 513 171 2792 57 2109 1767 228 684 57 2450 6667 798 57 969 7294 57 228 114 1482 2450 57 1824 2621 57 2564 342 684 40746
213.0 166 885 55 111 387 498 166 2711 55 2047 1715 221 664 55 2379 6472 774 55 940 7081 55 221 111 1438 2379 55 1770 2545 55 2489 332 664 39553
214.0 161 859 54 107 376 483 161 2631 54 1987 1665 215 644 54 2309 6282 752 54 913 6873 54 215 107 1396 2309 54 1718 2470 54 2416 322 644 38392
215.0 156 834 52 104 365 469 156 2554 52 1928 1616 208 625 52 2241 6098 730 52 886 6671 52 208 104 1355 2241 52 1668 2397 52 2345 313 625 37264
216.0 152 809 51 101 354 455 152 2479 51 1872 1568 202 607 51 2175 5918 708 51 860 6475 51 202 101 1315 2175 51 1619 2327 51 2276 304 607 36167
217.0 147 785 49 98 344 442 147 2406 49 1816 1522 196 589 49 2111 5744 687 49 835 6284 49 196 98 1276 2111 49 1571 2258 49 2209 295 589 35101
218.0 143 762 48 95 334 429 143 2335 48 1763 1477 191 572 48 2049 5574 667 48 810 6098 48 191 95 1239 2049 48 1525 2192 48 2144 286 572 34065
219.0 139 740 46 92 324 416 139 2265 46 1711 1433 185 555 46 1988 5409 647 46 786 5918 46 185 92 1202 1988 46 1480 2127 46 2081 277 555 33058
220.0 135 718 45 90 314 404 135 2198 45 1660 1391 179 538 45 1929 5249 628 45 763 5743 45 179 90 1167 1929 45 1436 2064 45 2019 269 538 32079
221.0 131 697 44 87 305 392 131 2133 44 1611 1350 174 522 44 1872 5094 609 44 740 5573 44 174 87 1132 1872 44 1393 2003 44 1959 261 522 31128
222.0 127 676 42 84 296 380 127 2070 42 1563 1310 169 507 42 1816 4942 591 42 718 5407 42 169 84 1098 1816 42 1352 1943 42 1901 253 507 30204
223.0 123 656 41 82 287 369 123 2008 41 1517 1271 164 492 41 1762 4796 574 41 697 5246 41 164 82 1066 1762 41 1312 1885 41 1844 246 492 29306
224.0 119 636 40 80 278 358 119 1949 40 1471 1233 159 477 40 1710 4653 557 40 676 5090 40 159 80 1034 1710 40 1273 1829 40 1790 239 477 28435
225.0 116 617 39 77 270 347 116 1891 39 1428 1196 154 463 39 1659 4514 540 39 656 4939 39 154 77 1003 1659 39 1235 1775 39 1736 232 463 27588
226.0 112 599 37 75 262 337 112 1834 37 1385 1160 150 449 37 1610 4380 524 37 636 4792 37 150 75 973 1610 37 1198 1722 37 1685 225 449 26765
227.0 109 581 36 73 254 327 109 1780 36 1344 1126 145 436 36 1562 4249 508 36 617 4649 36 145 73 944 1562 36 1162 1671 36 1634 218 436 25967
228.0 106 564 35 70 247 317 106 1726 35 1304 1092 141 423 35 1515 4122 493 35 599 4510 35 141 70 916 1515 35 1127 1621 35 1585 211 423 25191
229.0 103 547 34 68 239 308 103 1675 34 1265 1060 137 410 34 1470 3999 479 34 581 4375 34 137 68 889 1470 34 1094 1572 34 1538 205 410 24438
230.0 99 531 33 66 232 298 99 1625 33 1227 1028 133 398 33 1426 3879 464 33 564 4244 33 133 66 862 1426 33 1061 1525 33 1492 199 398 23707
231.0 96 515 32 64 225 289 96 1576 32 1190 997 129 386 32 1383 3763 450 32 547 4117 32 129 64 836 1383 32 1029 1480 32 1447 193 386 22997
232.0 94 499 31 62 218 281 94 1529 31 1154 967 125 374 31 1342 3650 437 31 530 3994 31 125 62 811 1342 31 998 1435 31 1404 187 374 22308
233.0 91 484 30 61 212 272 91 1483 30 1120 938 121 363 30 1301 3541 424 30 514 3874 30 121 61 787 1301 30 968 1392 30 1362 182 363 21639
234.0 88 470 29 59 205 264 88 1438 29 1086 910 117 352 29 1262 3435 411 29 499 3758 29 117 59 763 1262 29 939 1350 29 1321 176 352 20990
235.0 85 456 28 57 199 256 85 1395 28 1054 883 114 342 28 1224 3332 399 28 484 3645 28 114 57 740 1224 28 911 1310 28 1281 171 342 20360
236.0 83 442 28 55 193 249 83 1353 28 1022 856 110 331 28 1188 3232 387 28 470 3535 28 110 55 718 1188 28 884 1271 28 1243 166 331 19748
237.0 80 429 27 54 188 241 80 1313 27 991 830 107 321 27 1152 3134 375 27 455 3429 27 107 54 697 1152 27 857 1232 27 1206 161 321 19155
238.0 78 416 26 52 182 234 78 1273 26 961 806 104 312 26 1117 3040 364 26 442 3326 26 104 52 676 1117 26 831 1195 26 1169 156 312 18579
239.0 76 403 25 50 176 227 76 1235 25 932 781 101 302 25 1084 2949 353 25 428 3226 25 101 50 655 1084 25 806 1159 25 1134 151 302 18020
240.0 73 391 24 49 171 220 73 1198 24 904 758 98 293 24 1051 2860 342 24 416 3129 24 98 49 636 1051 24 782 1124 24 1100 147 293 17477
241.0 71 379 24 47 166 213 71 1162 24 877 735 95 284 24 1019 2774 332 24 403 3035 24 95 47 616 1019 24 759 1091 24 1067 142 284 16951
242.0 69 368 23 46 161 207 69 1127 23 851 713 92 276 23 989 2690 322 23 391 2943 23 92 46 598 989 23 736 1058 23 1035 138 276 16440
243.0 67 357 22 45 156 201 67 1093 22 825 691 89 268 22 959 2609 312 22 379 2854 22 89 45 580 959 22 714 1026 22 1004 134 268 15945
244.0 65 346 22 43 151 195 65 1060 22 800 670 87 260 22 930 2531 303 22 368 2768 22 87 43 562 930 22 692 995 22 973 130 260 15464
245.0 63 336 21 42 147 189 63 1028 21 776 650 84 252 21 902 2454 294 21 357 2685 21 84 42 545 902 21 671 965 21 944 126 252 14998
246.0 61 325 20 41 142 183 61 997 20 753 631 81 244 20 875 2380 285 20 346 2604 20 81 41 529 875 20 651 936 20 915 122 244 14546
247.0 59 316 20 39 138 178 59 967 20 730 612 79 237 20 848 2308 276 20 335 2525 20 79 39 513 848 20 631 908 20 888 118 237 14107
248.0 57 306 19 38 134 172 57 938 19 708 593 77 230 19 823 2239 268 19 325 2449 19 77 38 497 823 19 612 880 19 861 115 230 13681
249.0 56 297 19 37 130 167 56 909 19 687 575 74 223 19 798 2171 260 19 315 2375 19 74 37 482 798 19 594 854 19 835 111 223 13268
250.0 54 288 18 36 126 162 54 882 18 666 558 72 216 18 774 2106 252 18 306 2304 18 72 36 468 774 18 576 828 18 810 108 216 12867
251.0 52 279 17 35 122 157 52 855 17 646 541 70 209 17 750 2042 244 17 297 2234 17 70 35 454 750 17 558 803 17 785 105 209 12479
252.0 51 271 17 34 118 152 51 829 17 626 525 68 203 17 728 1980 237 17 288 2166 17 68 34 440 728 17 542 779 17 762 102 203 12102
253.0 49 263 16 33 115 148 49 804 16 607 509 66 197 16 706 1920 230 16 279 2101 16 66 33 427 706 16 525 755 16 739 98 197 11736
254.0 48 255 16 32 111 143 48 780 16 589 493 64 191 16 684 1862 223 16 271 2038 16 64 32 414 684 16 509 732 16 716 96 191 11382
255.0 46 247 15 31 108 139 46 756 15 571 479 62 185 15 664 1806 216 15 262 1976 15 62 31 401 664 15 494 710 15 695 93 185 11038
256.0 45 240 15 30 105 135 45 734 15 554 464 60 180 15 644 1752 210 15 255 1916 15 60 30 389 644 15 479 689 15 674 90 180 10704
257.0 44 232 15 29 102 131 44 711 15 537 450 58 174 15 624 1699 203 15 247 1858 15 58 29 377 624 15 465 668 15 653 87 174 10381
258.0 42 225 14 28 99 127 42 690 14 521 436 56 169 14 605 1647 197 14 239 1802 14 56 28 366 605 14 451 648 14 634 84 169 10067
259.0 41 218 14 27 96 123 41 669 14 505 423 55 164 14 587 1598 191 14 232 1748 14 55 27 355 587 14 437 628 14 614 82 164 9763
260.0 40 212 13 26 93 119 40 649 13 490 410 53 159 13 569 1549 185 13 225 1695 13 53 26 344 569 13 424 609 13 596 79 159 9468
261.0 39 205 13 26 90 116 39 629 13 475 398 51 154 13 552 1502 180 13 218 1644 13 51 26 334 552 13 411 591 13 578 77 154 9181
262.0 37 199 12 25 87 112 37 610 12 461 386 50 149 12 535 1457 174 12 212 1594 12 50 25 324 535 12 398 573 12 560 75 149 8904
263.0 36 193 12 24 85 109 36 592 12 447 374 48 145 12 519 1413 169 12 205 1546 12 48 24 314 519 12 386 556 12 543 72 145 8635
264.0 35 187 12 23 82 105 35 574 12 433 363 47 141 12 504 1370 164 12 199 1499 12 47 23 304 504 12 375 539 12 527 70 141 8374
265.0 34 182 11 23 80 102 34 557 11 420 352 45 136 11 488 1329 159 11 193 1454 11 45 23 295 488 11 363 522 11 511 68 136 8121
266.0 33 176 11 22 77 99 33 540 11 408 341 44 132 11 474 1289 154 11 187 1410 11 44 22 286 474 11 352 507 11 496 66 132 7875
267.0 32 171 11 21 75 96 32 523 11 395 331 43 128 11 459 1250 150 11 182 1367 11 43 21 278 459 11 342 491 11 481 64 128 7637
268.0 31 166 10 21 73 93 31 508 10 383 321 41 124 10 445 1212 145 10 176 1326 10 41 21 269 445 10 331 476 10 466 62 124 7406
269.0 30 161 10 20 70 90 30 492 10 372 311 40 121 10 432 1175 141 10 171 1286 10 40 20 261 432 10 321 462 10 452 60 121 7182
270.0 29 156 10 19 68 88 29 477 10 360 302 39 117 10 419 1140 136 10 166 1247 10 39 19 253 419 10 312 448 10 438 58 117 6965
271.0 28 151 9 19 66 85 28 463 9 350 293 38 113 9 406 1105 132 9 161 1209 9 38 19 246 406 9 302 435 9 425 57 113 6755
272.0 27 147 9 18 64 82 27 449 9 339 284 37 110 9 394 1072 128 9 156 1173 9 37 18 238 394 9 293 421 9 412 55 110 6551
273.0 27 142 9 18 62 80 27 435 9 329 275 36 107 9 382 1040 124 9 151 1137 9 36 18 231 382 9 284 409 9 400 53 107 6353
274.0 26 138 9 17 60 78 26 422 9 319 267 34 103 9 371 1008 121 9 146 1103 9 34 17 224 371 9 276 396 9 388 52 103 6161
275.0 25 134 8 17 58 75 25 409 8 309 259 33 100 8 359 978 117 8 142 1070 8 33 17 217 359 8 267 384 8 376 50 100 5975
276.0 24 130 8 16 57 73 24 397 8 300 251 32 97 8 348 948 113 8 138 1037 8 32 16 211 348 8 259 373 8 365 49 97 5794
277.0 24 126 8 16 55 71 24 385 8 291 244 31 94 8 338 920 110 8 134 1006 8 31 16 204 338 8 251 362 8 354 47 94 5619
278.0 23 122 8 15 53 69 23 373 8 282 236 30 91 8 328 892 107 8 130 976 8 30 15 198 328 8 244 351 8 343 46 91 5449
279.0 22 118 7 15 52 67 22 362 7 273 229 30 89 7 318 865 103 7 126 946 7 30 15 192 318 7 237 340 7 333 44 89 5285
280.0 22 115 7 14 50 65 22 351 7 265 222 29 86 7 308 839 100 7 122 918 7 29 14 186 308 7 229 330 7 323 43 86 5125
281.0 21 111 7 14 49 63 21 341 7 257 216 28 83 7 299 813 97 7 118 890 7 28 14 181 299 7 222 320 7 313 42 83 4971
282.0 20 108 7 13 47 61 20 330 7 249 209 27 81 7 290 789 94 7 115 863 7 27 13 175 290 7 216 310 7 303 40 81 4821
283.0 20 105 7 13 46 59 20 320 7 242 203 26 78 7 281 765 92 7 111 837 7 26 13 170 281 7 209 301 7 294 39 78 4675
284.0 19 101 6 13 44 57 19 311 6 235 197 25 76 6 273 742 89 6 108 812 6 25 13 165 273 6 203 292 6 285 38 76 4534
285.0 18 98 6 12 43 55 18 301 6 228 191 25 74 6 264 720 86 6 105 787 6 25 12 160 264 6 197 283 6 277 37 74 4397
286.0 18 95 6 12 42 54 18 292 6 221 185 24 72 6 256 698 84 6 101 763 6 24 12 155 256 6 191 274 6 268 36 72 4264
287.0 17 93 6 12 40 52 17 283 6 214 179 23 69 6 249 677 81 6 98 740 6 23 12 150 249 6 185 266 6 260 35 69 4136
288.0 17 90 6 11 39 50 17 275 6 208 174 22 67 6 241 656 79 6 95 718 6 22 11 146 241 6 180 258 6 252 34 67 4011
289.0 16 87 5 11 38 49 16 267 5 201 169 22 65 5 234 637 76 5 92 696 5 22 11 141 234 5 174 250 5 245 33 65 3890
290.0 16 84 5 11 37 47 16 259 5 195 164 21 63 5 227 617 74 5 90 675 5 21 11 137 227 5 169 243 5 237 32 63 3773
291.0 15 82 5 10 36 46 15 251 5 189 159 20 61 5 220 599 72 5 87 655 5 20 10 133 220 5 164 235 5 230 31 61 3659
292.0 15 79 5 10 35 45 15 243 5 184 154 20 60 5 213 581 69 5 84 635 5 20 10 129 213 5 159 228 5 223 30 60 3549
293.0 14 77 5 10 34 43 14 236 5 178 149 19 58 5 207 563 67 5 82 616 5 19 10 125 207 5 154 221 5 217 29 58 3442
294.0 14 75 5 9 33 42 14 229 5 173 145 19 56 5 201 546 65 5 79 598 5 19 9 121 201 5 149 215 5 210 28 56 3338
295.0 14 72 5 9 32 41 14 222 5 168 140 18 54 5 195 530 63 5 77 580 5 18 9 118 195 5 145 208 5 204 27 54 3238
296.0 13 70 4 9 31 40 13 215 4 162 136 18 53 4 189 514 61 4 75 562 4 18 9 114 189 4 141 202 4 198 26 53 3140
297.0 13 68 4 9 30 38 13 209 4 158 132 17 51 4 183 498 60 4 72 545 4 17 9 111 183 4 136 196 4 192 26 51 3045
298.0 12 66 4 8 29 37 12 202 4 153 128 17 50 4 178 483 58 4 70 529 4 17 8 107 178 4 132 190 4 186 25 50 2954
299.0 12 64 4 8 28 36 12 196 4 148 124 16 48 4 172 469 56 4 68 513 4 16 8 104 172 4 128 184 4 180 24 48 2865
300.0 12 62 4 8 27 35 12 190 4 144 120 16 47 4 167 455 54 4 66 497 4 16 8 101 167 4 124 179 4 175 23 47 2779
301.0 11 60 4 8 26 34 11 185 4 139 117 15 45 4 162 441 53 4 64 482 4 15 8 98 162 4 121 173 4 170 23 45 2695
302.0 11 58 4 7 26 33 11 179 4 135 113 15 44 4 157 428 51 4 62 468 4 15 7 95 157 4 117 168 4 165 22 44 2614
303.0 11 57 4 7 25 32 11 174 4 131 110 14 43 4 152 415 50 4 60 454 4 14 7 92 152 4 113 163 4 160 21 43 2535
304.0 10 55 3 7 24 31 10 169 3 127 107 14 41 3 148 402 48 3 58 440 3 14 7 89 148 3 110 158 3 155 21 41 2459
305.0 10 53 3 7 23 30 10 163 3 123 103 13 40 3 143 390 47 3 57 427 3 13 7 87 143 3 107 153 3 150 20 40 2385
306.0 10 52 3 6 23 29 10 159 3 120 100 13 39 3 139 379 45 3 55 414 3 13 6 84 139 3 104 149 3 146 19 39 2313
307.0 9 50 3 6 22 28 9 154 3 116 97 13 38 3 135 367 44 3 53 402 3 13 6 82 135 3 100 144 3 141 19 38 2244
308.0 9 49 3 6 21 27 9 149 3 113 94 12 37 3 131 356 43 3 52 390 3 12 6 79 131 3 97 140 3 137 18 37 2176
309.0 9 47 3 6 21 27 9 145 3 109 92 12 35 3 127 345 41 3 50 378 3 12 6 77 127 3 94 136 3 133 18 35 2111
310.0 9 46 3 6 20 26 9 140 3 106 89 11 34 3 123 335 40 3 49 367 3 11 6 74 123 3 92 132 3 129 17 34 2047
311.0 8 44 3 6 19 25 8 136 3 103 86 11 33 3 119 325 39 3 47 356 3 11 6 72 119 3 89 128 3 125 17 33 1986
312.0 8 43 3 5 19 24 8 132 3 100 84 11 32 3 116 315 38 3 46 345 3 11 5 70 116 3 86 124 3 121 16 32 1926
313.0 8 42 3 5 18 24 8 128 3 97 81 10 31 3 112 306 37 3 44 334 3 10 5 68 112 3 84 120 3 118 16 31 1868
314.0 8 41 3 5 18 23 8 124 3 94 79 10 30 3 109 297 35 3 43 324 3 10 5 66 109 3 81 117 3 114 15 30 1812
315.0 7 39 2 5 17 22 7 120 2 91 76 10 30 2 106 288 34 2 42 315 2 10 5 64 106 2 79 113 2 111 15 30 1758
316.0 7 38 2 5 17 21 7 117 2 88 74 10 29 2 103 279 33 2 41 305 2 10 5 62 103 2 76 110 2 107 14 29 1705
317.0 7 37 2 5 16 21 7 113 2 86 72 9 28 2 99 271 32 2 39 296 2 9 5 60 99 2 74 106 2 104 14 28 1654
318.0 7 36 2 4 16 20 7 110 2 83 70 9 27 2 96 263 31 2 38 287 2 9 4 58 96 2 72 103 2 101 13 27 1604
319.0 7 35 2 4 15 20 7 107 2 81 67 9 26 2 94 255 30 2 37 279 2 9 4 57 94 2 70 100 2 98 13 26 1556
320.0 6 34 2 4 15 19 6 103 2 78 65 8 25 2 91 247 30 2 36 270 2 8 4 55 91 2 68 97 2 95 13 25 1509
321.0 6 33 2 4 14 18 6 100 2 76 63 8 25 2 88 240 29 2 35 262 2 8 4 53 88 2 66 94 2 92 12 25 1464
322.0 6 32 2 4 14 18 6 97 2 73 62 8 24 2 85 232 28 2 34 254 2 8 4 52 85 2 64 91 2 89 12 24 1420
323.0 6 31 2 4 13 17 6 94 2 71 60 8 23 2 83 225 27 2 33 247 2 8 4 50 83 2 62 89 2 87 12 23 1378
324.0 6 30 2 4 13 17 6 92 2 69 58 7 22 2 80 219 26 2 32 239 2 7 4 49 80 2 60 86 2 84 11 22 1336
325.0 5 29 2 4 13 16 5 89 2 67 56 7 22 2 78 212 25 2 31 232 2 7 4 47 78 2 58 83 2 82 11 22 1296
326.0 5 28 2 4 12 16 5 86 2 65 55 7 21 2 76 206 25 2 30 225 2 7 4 46 76 2 56 81 2 79 11 21 1257
327.0 5 27 2 3 12 15 5 84 2 63 53 7 20 2 73 200 24 2 29 218 2 7 3 44 73 2 55 78 2 77 10 20 1220
328.0 5 26 2 3 12 15 5 81 2 61 51 7 20 2 71 194 23 2 28 212 2 7 3 43 71 2 53 76 2 74 10 20 1183
329.0 5 26 2 3 11 14 5 79 2 59 50 6 19 2 69 188 22 2 27 205 2 6 3 42 69 2 51 74 2 72 10 19 1148
330.0 5 25 2 3 11 14 5 76 2 58 48 6 19 2 67 182 22 2 26 199 2 6 3 40 67 2 50 72 2 70 9 19 1113
331.0 5 24 2 3 11 14 5 74 2 56 47 6 18 2 65 177 21 2 26 193 2 6 3 39 65 2 48 69 2 68 9 18 1080
332.0 4 23 1 3 10 13 4 72 1 54 45 6 18 1 63 171 21 1 25 188 1 6 3 38 63 1 47 67 1 66 9 18 1048
333.0 4 23 1 3 10 13 4 70 1 53 44 6 17 1 61 166 20 1 24 182 1 6 3 37 61 1 45 65 1 64 9 17 1016
334.0 4 22 1 3 10 12 4 68 1 51 43 6 17 1 59 161 19 1 23 176 1 6 3 36 59 1 44 63 1 62 8 17 986
335.0 4 21 1 3 9 12 4 66 1 49 41 5 16 1 58 157 19 1 23 171 1 5 3 35 58 1 43 62 1 60 8 16 956
336.0 4 21 1 3 9 12 4 64 1 48 40 5 16 1 56 152 18 1 22 166 1 5 3 34 56 1 42 60 1 58 8 16 928
337.0 4 20 1 3 9 11 4 62 1 47 39 5 15 1 54 147 18 1 21 161 1 5 3 33 54 1 40 58 1 57 8 15 900
338.0 4 20 1 2 9 11 4 60 1 45 38 5 15 1 53 143 17 1 21 156 1 5 2 32 53 1 39 56 1 55 7 15 873
339.0 4 19 1 2 8 11 4 58 1 44 37 5 14 1 51 139 17 1 20 152 1 5 2 31 51 1 38 54 1 53 7 14 847
340.0 3 18 1 2 8 10 3 56 1 43 36 5 14 1 49 134 16 1 20 147 1 5 2 30 49 1 37 53 1 52 7 14 822
341.0 3 18 1 2 8 10 3 55 1 41 35 4 13 1 48 130 16 1 19 143 1 4 2 29 48 1 36 51 1 50 7 13 797
342.0 3 17 1 2 8 10 3 53 1 40 34 4 13 1 47 127 15 1 18 138 1 4 2 28 47 1 35 50 1 49 6 13 773
343.0 3 17 1 2 7 9 3 51 1 39 33 4 13 1 45 123 15 1 18 134 1 4 2 27 45 1 34 48 1 47 6 13 750
344.0 3 16 1 2 7 9 3 50 1 38 32 4 12 1 44 119 14 1 17 130 1 4 2 26 44 1 33 47 1 46 6 12 728
345.0 3 16 1 2 7 9 3 48 1 37 31 4 12 1 42 116 14 1 17 126 1 4 2 26 42 1 32 45 1 44 6 12 706
346.0 3 15 1 2 7 9 3 47 1 35 30 4 11 1 41 112 13 1 16 123 1 4 2 25 41 1 31 44 1 43 6 11 685
347.0 3 15 1 2 7 8 3 46 1 34 29 4 11 1 40 109 13 1 16 119 1 4 2 24 40 1 30 43 1 42 6 11 664
348.0 3 14 1 2 6 8 3 44 1 33 28 4 11 1 39 105 13 1 15 115 1 4 2 23 39 1 29 41 1 41 5 11 645
349.0 3 14 1 2 6 8 3 43 1 32 27 3 10 1 38 102 12 1 15 112 1 3 2 23 38 1 28 40 1 39 5 10 625
350.0 3 14 1 2 6 8 3 42 1 31 26 3 10 1 36 99 12 1 14 109 1 3 2 22 36 1 27 39 1 38 5 10 607
351.0 2 13 1 2 6 7 2 40 1 30 26 3 10 1 35 96 12 1 14 105 1 3 2 21 35 1 26 38 1 37 5 10 589
352.0 2 13 1 2 6 7 2 39 1 30 25 3 10 1 34 93 11 1 14 102 1 3 2 21 34 1 26 37 1 36 5 10 571
353.0 2 12 1 2 5 7 2 38 1 29 24 3 9 1 33 91 11 1 13 99 1 3 2 20 33 1 25 36 1 35 5 9 554
354.0 2 12 1 2 5 7 2 37 1 28 23 3 9 1 32 88 11 1 13 96 1 3 2 20 32 1 24 35 1 34 5 9 537
355.0 2 12 1 1 5 7 2 36 1 27 23 3 9 1 31 85 10 1 12 93 1 3 1 19 31 1 23 34 1 33 4 9 521
356.0 2 11 1 1 5 6 2 35 1 26 22 3 8 1 30 83 10 1 12 91 1 3 1 18 30 1 23 33 1 32 4 8 506
357.0 2 11 1 1 5 6 2 34 1 25 21 3 8 1 30 80 10 1 12 88 1 3 1 18 30 1 22 32 1 31 4 8 491
358.0 2 11 1 1 5 6 2 33 1 25 21 3 8 1 29 78 9 1 11 85 1 3 1 17 29 1 21 31 1 30 4 8 476
359.0 2 10 1 1 5 6 2 32 1 24 20 3 8 1 28 76 9 1 11 83 1 3 1 17 28 1 21 30 1 29 4 8 462
360.0 2 10 1 1 4 6 2 31 1 23 19 3 8 1 27 73 9 1 11 80 1 3 1 16 27 1 20 29 1 28 4 8 448
361.0 2 10 1 1 4 5 2 30 1 22 19 2 7 1 26 71 9 1 10 78 1 2 1 16 26 1 19 28 1 27 4 7 435
362.0 2 9 1 1 4 5 2 29 1 22 18 2 7 1 25 69 8 1 10 76 1 2 1 15 25 1 19 27 1 27 4 7 422
363.0 2 9 1 1 4 5 2 28 1 21 18 2 7 1 25 67 8 1 10 73 1 2 1 15 25 1 18 26 1 26 3 7 409
364.0 2 9 1 1 4 5 2 27 1 21 17 2 7 1 24 65 8 1 9 71 1 2 1 14 24 1 18 26 1 25 3 7 397
365.0 2 9 1 1 4 5 2 26 1 20 17 2 6 1 23 63 8 1 9 69 1 2 1 14 23 1 17 25 1 24 3 6 385
