Covid-19 Recovered Estimated by PSD Model @ CDS/IISc
Day AN AP AR AS BR CH CT DL GA GJ HR HP JK JH KA KL LA LD MP MH MN OR PY PB RJ SK TN TG TR UP UT WB Total
0.0 0 0 0 0 0 0 0 0 0 0 0 0 0 0 0 0 0 0 0 0 0 0 0 0 0 0 0 0 0 0 0 0 0
1.0 0 0 0 0 0 0 0 1 0 1 1 0 0 0 1 3 0 0 0 3 0 0 0 1 1 0 1 1 0 1 0 0 18
2.0 0 0 0 0 0 0 0 1 0 1 1 0 0 0 1 4 0 0 1 4 0 0 0 1 1 0 1 1 0 1 0 0 22
3.0 0 1 0 0 0 0 0 2 0 1 1 0 0 0 2 4 0 0 1 5 0 0 0 1 2 0 1 2 0 2 0 0 25
4.0 0 1 0 0 0 0 0 2 0 2 1 0 0 0 2 5 1 0 1 5 0 0 0 1 2 0 1 2 0 2 0 0 29
5.0 0 1 0 0 0 0 0 2 0 2 1 0 1 0 2 5 1 0 1 6 0 0 0 1 2 0 2 2 0 2 0 1 34
6.0 0 1 0 0 0 0 0 3 0 2 2 0 1 0 2 6 1 0 1 7 0 0 0 1 2 0 2 2 0 2 0 1 38
7.0 0 1 0 0 0 1 0 3 0 2 2 0 1 0 3 7 1 0 1 8 0 0 0 2 3 0 2 3 0 3 0 1 44
8.0 0 1 0 0 0 1 0 3 0 3 2 0 1 0 3 8 1 0 1 9 0 0 0 2 3 0 2 3 0 3 0 1 50
9.0 0 1 0 0 1 1 0 4 0 3 2 0 1 0 3 9 1 0 1 10 0 0 0 2 3 0 3 4 0 4 0 1 57
10.0 0 1 0 0 1 1 0 4 0 3 3 0 1 0 4 11 1 0 2 12 0 0 0 2 4 0 3 4 0 4 1 1 65
11.0 0 2 0 0 1 1 0 5 0 4 3 0 1 0 4 12 1 0 2 13 0 0 0 3 4 0 3 5 0 5 1 1 73
12.0 0 2 0 0 1 1 0 6 0 4 4 0 1 0 5 14 2 0 2 15 0 0 0 3 5 0 4 5 0 5 1 1 83
13.0 0 2 0 0 1 1 0 6 0 5 4 1 2 0 6 15 2 0 2 17 0 1 0 3 6 0 4 6 0 6 1 2 94
14.0 0 2 0 0 1 1 0 7 0 6 5 1 2 0 6 17 2 0 3 19 0 1 0 4 6 0 5 7 0 7 1 2 107
15.0 1 3 0 0 1 2 1 8 0 6 5 1 2 0 7 20 2 0 3 22 0 1 0 4 7 0 5 8 0 8 1 2 120
16.0 1 3 0 0 1 2 1 9 0 7 6 1 2 0 8 22 3 0 3 24 0 1 0 5 8 0 6 9 0 9 1 2 136
17.0 1 3 0 0 1 2 1 10 0 8 7 1 3 0 9 25 3 0 4 27 0 1 0 6 9 0 7 10 0 10 1 3 152
18.0 1 4 0 0 2 2 1 12 0 9 7 1 3 0 10 28 3 0 4 31 0 1 0 6 10 0 8 11 0 11 1 3 170
19.0 1 4 0 1 2 2 1 13 0 10 8 1 3 0 11 31 4 0 5 34 0 1 1 7 11 0 8 12 0 12 2 3 190
20.0 1 5 0 1 2 3 1 14 0 11 9 1 4 0 13 34 4 0 5 38 0 1 1 8 13 0 9 14 0 13 2 4 210
21.0 1 5 0 1 2 3 1 16 0 12 10 1 4 0 14 38 5 0 6 41 0 1 1 8 14 0 10 15 0 15 2 4 232
22.0 1 6 0 1 2 3 1 17 0 13 11 1 4 0 15 42 5 0 6 45 0 1 1 9 15 0 11 16 0 16 2 4 254
23.0 1 6 0 1 3 3 1 19 0 14 12 2 5 0 17 45 5 0 7 50 0 2 1 10 17 0 12 18 0 17 2 5 278
24.0 1 7 0 1 3 4 1 21 0 16 13 2 5 0 18 50 6 0 7 54 0 2 1 11 18 0 14 19 0 19 3 5 303
25.0 1 7 0 1 3 4 1 23 0 17 14 2 6 0 20 54 6 0 8 59 0 2 1 12 20 0 15 21 0 21 3 6 330
26.0 2 8 1 1 4 5 2 25 1 19 16 2 6 1 22 59 7 1 9 64 1 2 1 13 22 1 16 23 1 23 3 6 359
27.0 2 9 1 1 4 5 2 27 1 20 17 2 7 1 23 64 8 1 9 70 1 2 1 14 23 1 17 25 1 25 3 7 390
28.0 2 9 1 1 4 5 2 29 1 22 18 2 7 1 25 69 8 1 10 76 1 2 1 15 25 1 19 27 1 27 4 7 423
29.0 2 10 1 1 4 6 2 31 1 24 20 3 8 1 28 75 9 1 11 82 1 3 1 17 28 1 20 29 1 29 4 8 458
30.0 2 11 1 1 5 6 2 34 1 26 21 3 8 1 30 81 10 1 12 89 1 3 1 18 30 1 22 32 1 31 4 8 495
31.0 2 12 1 1 5 7 2 37 1 28 23 3 9 1 32 88 10 1 13 96 1 3 1 19 32 1 24 34 1 34 4 9 536
32.0 2 13 1 2 6 7 2 40 1 30 25 3 10 1 35 95 11 1 14 104 1 3 2 21 35 1 26 37 1 36 5 10 579
33.0 3 14 1 2 6 8 3 43 1 32 27 4 11 1 38 102 12 1 15 112 1 4 2 23 38 1 28 40 1 39 5 11 626
34.0 3 15 1 2 7 9 3 46 1 35 29 4 11 1 41 111 13 1 16 121 1 4 2 25 41 1 30 44 1 43 6 11 676
35.0 3 16 1 2 7 9 3 50 1 38 32 4 12 1 44 119 14 1 17 131 1 4 2 27 44 1 33 47 1 46 6 12 730
36.0 3 18 1 2 8 10 3 54 1 41 34 4 13 1 47 129 15 1 19 141 1 4 2 29 47 1 35 51 1 49 7 13 786
37.0 4 19 1 2 8 11 4 58 1 44 37 5 14 1 51 139 17 1 20 152 1 5 2 31 51 1 38 54 1 53 7 14 847
38.0 4 20 1 3 9 11 4 62 1 47 39 5 15 1 55 149 18 1 22 163 1 5 3 33 55 1 41 59 1 57 8 15 910
39.0 4 22 1 3 10 12 4 67 1 51 42 5 16 1 59 160 19 1 23 175 1 5 3 35 59 1 44 63 1 61 8 16 976
40.0 4 23 1 3 10 13 4 72 1 54 45 6 18 1 63 171 20 1 25 187 1 6 3 38 63 1 47 67 1 66 9 18 1045
41.0 5 25 2 3 11 14 5 76 2 58 48 6 19 2 67 183 22 2 27 200 2 6 3 41 67 2 50 72 2 70 9 19 1116
42.0 5 27 2 3 12 15 5 82 2 62 52 7 20 2 72 195 23 2 28 213 2 7 3 43 72 2 53 77 2 75 10 20 1189
43.0 5 28 2 4 12 16 5 87 2 65 55 7 21 2 76 207 25 2 30 226 2 7 4 46 76 2 57 81 2 80 11 21 1265
44.0 6 30 2 4 13 17 6 92 2 69 58 8 23 2 81 220 26 2 32 240 2 8 4 49 81 2 60 86 2 84 11 23 1342
45.0 6 32 2 4 14 18 6 97 2 74 62 8 24 2 85 232 28 2 34 254 2 8 4 52 85 2 64 91 2 89 12 24 1420
46.0 6 34 2 4 15 19 6 103 2 78 65 8 25 2 90 245 29 2 36 269 2 8 4 55 90 2 67 97 2 94 13 25 1500
47.0 7 35 2 4 15 20 7 108 2 82 69 9 27 2 95 259 31 2 38 283 2 9 4 57 95 2 71 102 2 99 13 27 1580
48.0 7 37 2 5 16 21 7 114 2 86 72 9 28 2 100 272 33 2 39 297 2 9 5 60 100 2 74 107 2 105 14 28 1661
49.0 7 39 2 5 17 22 7 119 2 90 76 10 29 2 105 285 34 2 41 312 2 10 5 63 105 2 78 112 2 110 15 29 1742
50.0 8 41 3 5 18 23 8 125 3 94 79 10 31 3 110 298 36 3 43 326 3 10 5 66 110 3 82 117 3 115 15 31 1822
51.0 8 43 3 5 19 24 8 130 3 98 82 11 32 3 114 311 37 3 45 340 3 11 5 69 114 3 85 122 3 120 16 32 1901
52.0 8 44 3 6 19 25 8 135 3 102 85 11 33 3 119 323 39 3 47 353 3 11 6 72 119 3 88 127 3 124 17 33 1972
53.0 9 46 3 6 20 26 9 140 3 105 88 11 34 3 122 333 40 3 48 365 3 11 6 74 122 3 91 131 3 128 17 34 2037
54.0 9 47 3 6 21 26 9 144 3 109 91 12 35 3 126 344 41 3 50 376 3 12 6 76 126 3 94 135 3 132 18 35 2102
55.0 9 49 3 6 21 27 9 149 3 112 94 12 36 3 130 355 42 3 52 388 3 12 6 79 130 3 97 139 3 136 18 36 2168
56.0 9 50 3 6 22 28 9 153 3 116 97 13 38 3 134 366 44 3 53 400 3 13 6 81 134 3 100 144 3 141 19 38 2235
57.0 10 52 3 6 23 29 10 158 3 119 100 13 39 3 138 377 45 3 55 412 3 13 6 84 138 3 103 148 3 145 19 39 2302
58.0 10 53 3 7 23 30 10 162 3 123 103 13 40 3 143 388 46 3 56 424 3 13 7 86 143 3 106 152 3 149 20 40 2370
59.0 10 55 3 7 24 31 10 167 3 126 106 14 41 3 147 399 48 3 58 437 3 14 7 89 147 3 109 157 3 154 20 41 2439
60.0 11 56 4 7 25 32 11 172 4 130 109 14 42 4 151 411 49 4 60 449 4 14 7 91 151 4 112 161 4 158 21 42 2510
61.0 11 58 4 7 25 32 11 177 4 134 112 14 43 4 155 422 51 4 61 462 4 14 7 94 155 4 116 166 4 162 22 43 2581
62.0 11 59 4 7 26 33 11 182 4 137 115 15 45 4 160 434 52 4 63 475 4 15 7 97 160 4 119 171 4 167 22 45 2654
63.0 11 61 4 8 27 34 11 187 4 141 118 15 46 4 164 446 53 4 65 488 4 15 8 99 164 4 122 176 4 172 23 46 2728
64.0 12 63 4 8 27 35 12 192 4 145 122 16 47 4 169 459 55 4 67 502 4 16 8 102 169 4 126 180 4 176 24 47 2804
65.0 12 64 4 8 28 36 12 197 4 149 125 16 48 4 173 472 56 4 69 516 4 16 8 105 173 4 129 185 4 181 24 48 2882
66.0 12 66 4 8 29 37 12 203 4 153 128 17 50 4 178 485 58 4 70 530 4 17 8 108 178 4 133 191 4 186 25 50 2961
67.0 13 68 4 9 30 38 13 208 4 157 132 17 51 4 183 498 60 4 72 545 4 17 9 111 183 4 136 196 4 191 26 51 3042
68.0 13 70 4 9 31 39 13 214 4 162 136 17 52 4 188 511 61 4 74 559 4 17 9 114 188 4 140 201 4 197 26 52 3125
69.0 13 72 4 9 31 40 13 220 4 166 139 18 54 4 193 525 63 4 76 575 4 18 9 117 193 4 144 207 4 202 27 54 3210
70.0 14 74 5 9 32 42 14 226 5 171 143 18 55 5 198 540 65 5 78 590 5 18 9 120 198 5 148 212 5 208 28 55 3297
71.0 14 76 5 9 33 43 14 232 5 175 147 19 57 5 204 554 66 5 81 606 5 19 9 123 204 5 152 218 5 213 28 57 3387
72.0 15 78 5 10 34 44 15 238 5 180 151 19 58 5 209 569 68 5 83 623 5 19 10 126 209 5 156 224 5 219 29 58 3478
73.0 15 80 5 10 35 45 15 245 5 185 155 20 60 5 215 585 70 5 85 639 5 20 10 130 215 5 160 230 5 225 30 60 3572
74.0 15 82 5 10 36 46 15 251 5 190 159 21 62 5 221 600 72 5 87 657 5 21 10 133 221 5 164 236 5 231 31 62 3668
75.0 16 84 5 11 37 47 16 258 5 195 163 21 63 5 227 616 74 5 90 674 5 21 11 137 227 5 169 242 5 237 32 63 3767
76.0 16 87 5 11 38 49 16 265 5 200 168 22 65 5 233 633 76 5 92 693 5 22 11 141 233 5 173 249 5 243 32 65 3868
77.0 17 89 6 11 39 50 17 272 6 206 172 22 67 6 239 650 78 6 94 711 6 22 11 144 239 6 178 256 6 250 33 67 3972
78.0 17 91 6 11 40 51 17 279 6 211 177 23 68 6 245 667 80 6 97 730 6 23 11 148 245 6 182 262 6 257 34 68 4077
79.0 18 94 6 12 41 53 18 287 6 217 181 23 70 6 252 685 82 6 99 749 6 23 12 152 252 6 187 269 6 263 35 70 4184
80.0 18 96 6 12 42 54 18 294 6 222 186 24 72 6 258 703 84 6 102 769 6 24 12 156 258 6 192 276 6 270 36 72 4294
81.0 18 99 6 12 43 55 18 302 6 228 191 25 74 6 265 721 86 6 105 789 6 25 12 160 265 6 197 283 6 277 37 74 4405
82.0 19 101 6 13 44 57 19 310 6 234 196 25 76 6 272 739 88 6 107 809 6 25 13 164 272 6 202 291 6 284 38 76 4518
83.0 19 104 6 13 45 58 19 317 6 240 201 26 78 6 279 758 91 6 110 829 6 26 13 168 279 6 207 298 6 292 39 78 4633
84.0 20 106 7 13 46 60 20 325 7 246 206 27 80 7 286 777 93 7 113 850 7 27 13 173 286 7 213 306 7 299 40 80 4749
85.0 20 109 7 14 48 61 20 334 7 252 211 27 82 7 293 797 95 7 116 871 7 27 14 177 293 7 218 313 7 306 41 82 4868
86.0 21 112 7 14 49 63 21 342 7 258 216 28 84 7 300 816 98 7 119 893 7 28 14 181 300 7 223 321 7 314 42 84 4987
87.0 21 114 7 14 50 64 21 350 7 264 222 29 86 7 307 836 100 7 121 915 7 29 14 186 307 7 229 329 7 322 43 86 5109
88.0 22 117 7 15 51 66 22 359 7 271 227 29 88 7 315 856 102 7 124 937 7 29 15 190 315 7 234 337 7 329 44 88 5232
89.0 22 120 7 15 52 67 22 367 7 277 232 30 90 7 322 876 105 7 127 959 7 30 15 195 322 7 240 345 7 337 45 90 5356
90.0 23 123 8 15 54 69 23 376 8 284 238 31 92 8 330 897 107 8 130 981 8 31 15 199 330 8 245 353 8 345 46 92 5481
91.0 24 125 8 16 55 71 24 384 8 290 243 31 94 8 337 918 110 8 133 1004 8 31 16 204 337 8 251 361 8 353 47 94 5608
92.0 24 128 8 16 56 72 24 393 8 297 249 32 96 8 345 939 112 8 136 1027 8 32 16 209 345 8 257 369 8 361 48 96 5736
93.0 25 131 8 16 57 74 25 402 8 304 254 33 98 8 353 960 115 8 139 1050 8 33 16 213 353 8 262 377 8 369 49 98 5865
94.0 25 134 8 17 59 75 25 411 8 310 260 34 101 8 361 981 117 8 143 1073 8 34 17 218 361 8 268 386 8 377 50 101 5995
95.0 26 137 9 17 60 77 26 420 9 317 266 34 103 9 368 1002 120 9 146 1097 9 34 17 223 368 9 274 394 9 386 51 103 6125
96.0 26 140 9 18 61 79 26 429 9 324 271 35 105 9 376 1024 123 9 149 1120 9 35 18 228 376 9 280 403 9 394 53 105 6257
97.0 27 143 9 18 63 80 27 438 9 331 277 36 107 9 384 1045 125 9 152 1144 9 36 18 232 384 9 286 411 9 402 54 107 6389
98.0 27 146 9 18 64 82 27 447 9 337 283 36 109 9 392 1067 128 9 155 1167 9 36 18 237 392 9 292 420 9 410 55 109 6521
99.0 28 149 9 19 65 84 28 456 9 344 289 37 112 9 400 1089 130 9 158 1191 9 37 19 242 400 9 298 428 9 419 56 112 6654
100.0 28 152 9 19 66 85 28 465 9 351 294 38 114 9 408 1111 133 9 161 1215 9 38 19 247 408 9 304 437 9 427 57 114 6787
101.0 29 155 10 19 68 87 29 474 10 358 300 39 116 10 416 1132 136 10 165 1239 10 39 19 252 416 10 310 445 10 436 58 116 6921
102.0 30 158 10 20 69 89 30 483 10 365 306 39 118 10 424 1154 138 10 168 1263 10 39 20 257 424 10 316 454 10 444 59 118 7054
103.0 30 161 10 20 70 90 30 493 10 372 312 40 121 10 432 1176 141 10 171 1287 10 40 20 261 432 10 322 462 10 452 60 121 7187
104.0 31 164 10 20 72 92 31 502 10 379 317 41 123 10 440 1198 143 10 174 1310 10 41 20 266 440 10 328 471 10 461 61 123 7320
105.0 31 167 10 21 73 94 31 511 10 386 323 42 125 10 448 1219 146 10 177 1334 10 42 21 271 448 10 334 479 10 469 63 125 7452
106.0 32 170 11 21 74 95 32 520 11 392 329 42 127 11 456 1241 149 11 180 1358 11 42 21 276 456 11 339 488 11 477 64 127 7584
107.0 32 173 11 22 76 97 32 529 11 399 335 43 129 11 464 1263 151 11 183 1381 11 43 22 281 464 11 345 496 11 486 65 129 7716
108.0 33 176 11 22 77 99 33 538 11 406 340 44 132 11 472 1284 154 11 187 1405 11 44 22 285 472 11 351 505 11 494 66 132 7846
109.0 33 178 11 22 78 100 33 547 11 413 346 45 134 11 480 1305 156 11 190 1428 11 45 22 290 480 11 357 513 11 502 67 134 7975
110.0 34 181 11 23 79 102 34 555 11 419 351 45 136 11 487 1326 159 11 193 1451 11 45 23 295 487 11 363 521 11 510 68 136 8103
111.0 35 184 12 23 81 104 35 564 12 426 357 46 138 12 495 1347 161 12 196 1473 12 46 23 299 495 12 368 529 12 518 69 138 8230
112.0 35 187 12 23 82 105 35 573 12 432 362 47 140 12 502 1367 164 12 199 1496 12 47 23 304 502 12 374 538 12 526 70 140 8355
113.0 36 190 12 24 83 107 36 581 12 439 368 47 142 12 510 1388 166 12 202 1518 12 47 24 308 510 12 379 546 12 534 71 142 8479
114.0 36 192 12 24 84 108 36 589 12 445 373 48 144 12 517 1407 168 12 205 1540 12 48 24 313 517 12 385 553 12 541 72 144 8601
115.0 37 195 12 24 85 110 37 598 12 451 378 49 146 12 524 1427 171 12 207 1561 12 49 24 317 524 12 390 561 12 549 73 146 8721
116.0 37 198 12 25 87 111 37 606 12 457 383 49 148 12 532 1446 173 12 210 1582 12 49 25 321 532 12 396 569 12 556 74 148 8839
117.0 38 200 13 25 88 113 38 614 13 463 388 50 150 13 538 1465 175 13 213 1603 13 50 25 326 538 13 401 576 13 564 75 150 8954
118.0 38 203 13 25 89 114 38 621 13 469 393 51 152 13 545 1484 178 13 216 1623 13 51 25 330 545 13 406 583 13 571 76 152 9067
119.0 39 205 13 26 90 116 39 629 13 475 398 51 154 13 552 1502 180 13 218 1643 13 51 26 334 552 13 411 590 13 578 77 154 9177
120.0 39 208 13 26 91 117 39 636 13 480 403 52 156 13 558 1519 182 13 221 1662 13 52 26 338 558 13 416 597 13 584 78 156 9285
121.0 39 210 13 26 92 118 39 643 13 486 407 53 158 13 565 1536 184 13 223 1681 13 53 26 341 565 13 420 604 13 591 79 158 9389
122.0 40 212 13 27 93 119 40 650 13 491 411 53 159 13 571 1553 186 13 226 1699 13 53 27 345 571 13 425 611 13 597 80 159 9491
123.0 40 215 13 27 94 121 40 657 13 496 416 54 161 13 577 1569 188 13 228 1717 13 54 27 349 577 13 429 617 13 603 80 161 9589
124.0 41 217 14 27 95 122 41 664 14 501 420 54 163 14 582 1585 190 14 230 1734 14 54 27 352 582 14 433 623 14 609 81 163 9684
125.0 41 219 14 27 96 123 41 670 14 506 424 55 164 14 588 1600 191 14 232 1750 14 55 27 355 588 14 437 629 14 615 82 164 9775
126.0 41 221 14 28 97 124 41 676 14 510 428 55 166 14 593 1614 193 14 234 1766 14 55 28 359 593 14 441 634 14 621 83 166 9862
127.0 42 223 14 28 97 125 42 682 14 515 431 56 167 14 598 1628 195 14 236 1781 14 56 28 362 598 14 445 640 14 626 83 167 9946
128.0 42 224 14 28 98 126 42 687 14 519 435 56 168 14 603 1641 196 14 238 1795 14 56 28 365 603 14 449 645 14 631 84 168 10025
129.0 42 226 14 28 99 127 42 692 14 523 438 57 170 14 607 1653 198 14 240 1808 14 57 28 367 607 14 452 650 14 636 85 170 10101
130.0 43 228 14 28 100 128 43 697 14 526 441 57 171 14 612 1665 199 14 242 1821 14 57 28 370 612 14 455 654 14 640 85 171 10172
131.0 43 229 14 29 100 129 43 702 14 530 444 57 172 14 616 1675 200 14 243 1833 14 57 29 372 616 14 458 659 14 644 86 172 10239
132.0 43 231 14 29 101 130 43 706 14 533 447 58 173 14 620 1686 202 14 245 1844 14 58 29 375 620 14 461 663 14 648 86 173 10301
133.0 43 232 14 29 101 130 43 710 14 536 449 58 174 14 623 1695 203 14 246 1855 14 58 29 377 623 14 464 666 14 652 87 174 10359
134.0 44 233 15 29 102 131 44 714 15 539 451 58 175 15 626 1704 204 15 248 1864 15 58 29 379 626 15 466 670 15 655 87 175 10412
135.0 44 234 15 29 102 132 44 717 15 541 454 59 176 15 629 1712 205 15 249 1873 15 59 29 380 629 15 468 673 15 658 88 176 10461
136.0 44 235 15 29 103 132 44 720 15 544 455 59 176 15 632 1719 206 15 250 1881 15 59 29 382 632 15 470 676 15 661 88 176 10504
137.0 44 236 15 29 103 133 44 723 15 546 457 59 177 15 634 1725 206 15 251 1887 15 59 29 383 634 15 472 678 15 664 88 177 10543
138.0 44 237 15 30 104 133 44 725 15 547 459 59 178 15 636 1731 207 15 251 1893 15 59 30 385 636 15 473 680 15 666 89 178 10577
139.0 44 237 15 30 104 133 44 727 15 549 460 59 178 15 638 1735 208 15 252 1899 15 59 30 386 638 15 475 682 15 667 89 178 10606
140.0 45 238 15 30 104 134 45 728 15 550 461 59 178 15 639 1739 208 15 253 1903 15 59 30 387 639 15 476 684 15 669 89 178 10629
141.0 45 238 15 30 104 134 45 730 15 551 462 60 179 15 640 1742 208 15 253 1906 15 60 30 387 640 15 477 685 15 670 89 179 10648
142.0 45 239 15 30 104 134 45 731 15 552 462 60 179 15 641 1745 209 15 253 1909 15 60 30 388 641 15 477 686 15 671 89 179 10661
143.0 45 239 15 30 104 134 45 731 15 552 463 60 179 15 642 1746 209 15 254 1910 15 60 30 388 642 15 478 686 15 671 90 179 10669
144.0 45 239 15 30 104 134 45 731 15 552 463 60 179 15 642 1746 209 15 254 1911 15 60 30 388 642 15 478 687 15 672 90 179 10672
145.0 45 239 15 30 104 134 45 731 15 552 463 60 179 15 642 1746 209 15 254 1910 15 60 30 388 642 15 478 686 15 672 90 179 10670
146.0 45 239 15 30 104 134 45 731 15 552 462 60 179 15 641 1745 209 15 254 1909 15 60 30 388 641 15 477 686 15 671 89 179 10663
147.0 45 238 15 30 104 134 45 730 15 551 462 60 179 15 641 1743 209 15 253 1907 15 60 30 387 641 15 477 685 15 670 89 179 10651
148.0 45 238 15 30 104 134 45 729 15 550 461 59 178 15 639 1740 208 15 253 1904 15 59 30 387 639 15 476 684 15 669 89 178 10633
149.0 45 237 15 30 104 134 45 727 15 549 460 59 178 15 638 1736 208 15 252 1900 15 59 30 386 638 15 475 683 15 668 89 178 10611
150.0 44 237 15 30 104 133 44 725 15 548 459 59 178 15 636 1732 207 15 252 1895 15 59 30 385 636 15 474 681 15 666 89 178 10583
151.0 44 236 15 30 103 133 44 723 15 546 457 59 177 15 635 1727 207 15 251 1889 15 59 30 384 635 15 472 679 15 664 89 177 10551
152.0 44 235 15 29 103 132 44 721 15 544 456 59 176 15 632 1720 206 15 250 1882 15 59 29 382 632 15 471 676 15 662 88 176 10514
153.0 44 234 15 29 103 132 44 718 15 542 454 59 176 15 630 1714 205 15 249 1875 15 59 29 381 630 15 469 674 15 659 88 176 10472
154.0 44 233 15 29 102 131 44 714 15 539 452 58 175 15 627 1706 204 15 248 1866 15 58 29 379 627 15 467 671 15 656 87 175 10425
155.0 44 232 15 29 102 131 44 711 15 537 450 58 174 15 624 1697 203 15 247 1857 15 58 29 377 624 15 464 667 15 653 87 174 10373
156.0 43 231 14 29 101 130 43 707 14 534 447 58 173 14 620 1688 202 14 245 1847 14 58 29 375 620 14 462 664 14 649 87 173 10317
157.0 43 230 14 29 100 129 43 703 14 531 445 57 172 14 617 1678 201 14 244 1836 14 57 29 373 617 14 459 660 14 646 86 172 10257
158.0 43 228 14 29 100 128 43 698 14 527 442 57 171 14 613 1668 200 14 242 1825 14 57 29 371 613 14 456 656 14 641 86 171 10192
159.0 42 227 14 28 99 127 42 694 14 524 439 57 170 14 609 1657 198 14 241 1812 14 57 28 368 609 14 453 651 14 637 85 170 10123
160.0 42 225 14 28 98 127 42 689 14 520 436 56 169 14 604 1645 197 14 239 1799 14 56 28 365 604 14 450 647 14 633 84 169 10050
161.0 42 223 14 28 98 126 42 683 14 516 432 56 167 14 600 1632 195 14 237 1785 14 56 28 363 600 14 446 642 14 628 84 167 9973
162.0 42 221 14 28 97 125 42 678 14 512 429 55 166 14 595 1619 194 14 235 1771 14 55 28 360 595 14 443 636 14 623 83 166 9893
163.0 41 219 14 27 96 123 41 672 14 508 425 55 165 14 590 1605 192 14 233 1756 14 55 27 357 590 14 439 631 14 617 82 165 9808
164.0 41 218 14 27 95 122 41 666 14 503 421 54 163 14 585 1591 190 14 231 1740 14 54 27 353 585 14 435 625 14 612 82 163 9720
165.0 40 215 13 27 94 121 40 660 13 498 417 54 162 13 579 1576 189 13 229 1724 13 54 27 350 579 13 431 619 13 606 81 162 9629
166.0 40 213 13 27 93 120 40 653 13 493 413 53 160 13 573 1560 187 13 227 1707 13 53 27 347 573 13 427 613 13 600 80 160 9534
167.0 40 211 13 26 92 119 40 647 13 488 409 53 158 13 568 1544 185 13 224 1689 13 53 26 343 568 13 422 607 13 594 79 158 9437
168.0 39 209 13 26 91 118 39 640 13 483 405 52 157 13 561 1528 183 13 222 1671 13 52 26 339 561 13 418 601 13 588 78 157 9336
169.0 39 207 13 26 90 116 39 633 13 478 400 52 155 13 555 1511 181 13 220 1653 13 52 26 336 555 13 413 594 13 581 77 155 9233
170.0 38 204 13 26 89 115 38 625 13 472 396 51 153 13 549 1493 179 13 217 1634 13 51 26 332 549 13 408 587 13 574 77 153 9127
171.0 38 202 13 25 88 114 38 618 13 467 391 50 151 13 542 1476 177 13 214 1615 13 50 25 328 542 13 404 580 13 568 76 151 9019
172.0 37 199 12 25 87 112 37 610 12 461 386 50 150 12 536 1458 174 12 212 1595 12 50 25 324 536 12 399 573 12 561 75 150 8908
173.0 37 197 12 25 86 111 37 603 12 455 381 49 148 12 529 1439 172 12 209 1574 12 49 25 320 529 12 394 566 12 554 74 148 8795
174.0 36 194 12 24 85 109 36 595 12 449 376 49 146 12 522 1420 170 12 206 1554 12 49 24 316 522 12 388 558 12 546 73 146 8680
175.0 36 192 12 24 84 108 36 587 12 443 371 48 144 12 515 1401 168 12 204 1533 12 48 24 311 515 12 383 551 12 539 72 144 8564
176.0 35 189 12 24 83 106 35 579 12 437 366 47 142 12 508 1382 165 12 201 1512 12 47 24 307 508 12 378 543 12 532 71 142 8445
177.0 35 186 12 23 82 105 35 571 12 431 361 47 140 12 501 1362 163 12 198 1490 12 47 23 303 501 12 373 536 12 524 70 140 8326
178.0 34 184 11 23 80 103 34 562 11 425 356 46 138 11 493 1343 161 11 195 1469 11 46 23 298 493 11 367 528 11 516 69 138 8205
179.0 34 181 11 23 79 102 34 554 11 418 350 45 136 11 486 1323 158 11 192 1447 11 45 23 294 486 11 362 520 11 509 68 136 8082
180.0 33 178 11 22 78 100 33 545 11 412 345 45 134 11 479 1302 156 11 189 1425 11 45 22 289 479 11 356 512 11 501 67 134 7959
181.0 33 175 11 22 77 99 33 537 11 405 340 44 131 11 471 1282 153 11 186 1403 11 44 22 285 471 11 351 504 11 493 66 131 7835
182.0 32 173 11 22 75 97 32 528 11 399 334 43 129 11 464 1262 151 11 183 1380 11 43 22 280 464 11 345 496 11 485 65 129 7710
183.0 32 170 11 21 74 95 32 520 11 392 329 42 127 11 456 1241 149 11 180 1358 11 42 21 276 456 11 339 488 11 477 64 127 7584
184.0 31 167 10 21 73 94 31 511 10 386 323 42 125 10 449 1220 146 10 177 1335 10 42 21 271 449 10 334 480 10 469 63 125 7458
185.0 31 164 10 21 72 92 31 502 10 379 318 41 123 10 441 1200 144 10 174 1313 10 41 21 267 441 10 328 472 10 461 62 123 7332
186.0 30 161 10 20 71 91 30 494 10 373 312 40 121 10 433 1179 141 10 171 1290 10 40 20 262 433 10 322 464 10 453 60 121 7205
187.0 30 158 10 20 69 89 30 485 10 366 307 40 119 10 426 1158 139 10 168 1267 10 40 20 257 426 10 317 455 10 446 59 119 7079
188.0 29 156 10 19 68 88 29 476 10 360 301 39 117 10 418 1138 136 10 165 1245 10 39 19 253 418 10 311 447 10 438 58 117 6952
189.0 29 153 10 19 67 86 29 468 10 353 296 38 115 10 410 1117 134 10 162 1222 10 38 19 248 410 10 305 439 10 430 57 115 6825
190.0 28 150 9 19 66 84 28 459 9 347 290 37 112 9 403 1096 131 9 159 1199 9 37 19 244 403 9 300 431 9 422 56 112 6699
191.0 28 147 9 18 64 83 28 450 9 340 285 37 110 9 395 1076 129 9 156 1177 9 37 18 239 395 9 294 423 9 414 55 110 6573
192.0 27 144 9 18 63 81 27 442 9 334 280 36 108 9 388 1055 126 9 153 1154 9 36 18 234 388 9 289 415 9 406 54 108 6448
193.0 27 141 9 18 62 80 27 433 9 327 274 35 106 9 380 1035 124 9 150 1132 9 35 18 230 380 9 283 407 9 398 53 106 6323
194.0 26 139 9 17 61 78 26 425 9 321 269 35 104 9 373 1014 121 9 147 1110 9 35 17 225 373 9 277 399 9 390 52 104 6199
195.0 25 136 8 17 59 76 25 416 8 314 263 34 102 8 365 994 119 8 144 1088 8 34 17 221 365 8 272 391 8 382 51 102 6075
196.0 25 133 8 17 58 75 25 408 8 308 258 33 100 8 358 974 117 8 142 1066 8 33 17 216 358 8 266 383 8 375 50 100 5953
197.0 24 130 8 16 57 73 24 400 8 302 253 33 98 8 351 954 114 8 139 1044 8 33 16 212 351 8 261 375 8 367 49 98 5831
198.0 24 128 8 16 56 72 24 391 8 296 248 32 96 8 343 934 112 8 136 1022 8 32 16 208 343 8 256 367 8 359 48 96 5710
199.0 23 125 8 16 55 70 23 383 8 289 242 31 94 8 336 915 109 8 133 1001 8 31 16 203 336 8 250 360 8 352 47 94 5591
200.0 23 122 8 15 54 69 23 375 8 283 237 31 92 8 329 895 107 8 130 980 8 31 15 199 329 8 245 352 8 344 46 92 5472
201.0 22 120 7 15 52 67 22 367 7 277 232 30 90 7 322 876 105 7 127 959 7 30 15 195 322 7 240 345 7 337 45 90 5355
202.0 22 117 7 15 51 66 22 359 7 271 227 29 88 7 315 857 103 7 125 938 7 29 15 191 315 7 234 337 7 330 44 88 5239
203.0 22 115 7 14 50 65 22 351 7 265 222 29 86 7 308 839 100 7 122 917 7 29 14 186 308 7 229 330 7 323 43 86 5124
204.0 21 112 7 14 49 63 21 343 7 259 217 28 84 7 301 820 98 7 119 897 7 28 14 182 301 7 224 322 7 315 42 84 5011
205.0 21 110 7 14 48 62 21 336 7 254 212 27 82 7 295 802 96 7 116 877 7 27 14 178 295 7 219 315 7 308 41 82 4899
206.0 20 107 7 13 47 60 20 328 7 248 208 27 80 7 288 784 94 7 114 857 7 27 13 174 288 7 214 308 7 301 40 80 4788
207.0 20 105 7 13 46 59 20 321 7 242 203 26 79 7 281 766 92 7 111 838 7 26 13 170 281 7 209 301 7 295 39 79 4679
208.0 19 102 6 13 45 58 19 313 6 237 198 26 77 6 275 748 90 6 109 818 6 26 13 166 275 6 205 294 6 288 38 77 4572
209.0 19 100 6 12 44 56 19 306 6 231 194 25 75 6 269 731 87 6 106 799 6 25 12 162 269 6 200 287 6 281 37 75 4466
210.0 18 98 6 12 43 55 18 299 6 226 189 24 73 6 262 714 85 6 104 781 6 24 12 159 262 6 195 281 6 274 37 73 4361
211.0 18 95 6 12 42 54 18 292 6 220 185 24 71 6 256 697 83 6 101 762 6 24 12 155 256 6 191 274 6 268 36 71 4259
212.0 17 93 6 12 41 52 17 285 6 215 180 23 70 6 250 680 81 6 99 744 6 23 12 151 250 6 186 267 6 262 35 70 4157
213.0 17 91 6 11 40 51 17 278 6 210 176 23 68 6 244 664 79 6 96 726 6 23 11 148 244 6 182 261 6 255 34 68 4058
214.0 17 89 6 11 39 50 17 271 6 205 172 22 66 6 238 648 78 6 94 709 6 22 11 144 238 6 177 255 6 249 33 66 3960
215.0 16 86 5 11 38 49 16 265 5 200 168 22 65 5 232 632 76 5 92 692 5 22 11 140 232 5 173 249 5 243 32 65 3864
216.0 16 84 5 11 37 47 16 258 5 195 163 21 63 5 227 617 74 5 90 675 5 21 11 137 227 5 169 242 5 237 32 63 3769
217.0 15 82 5 10 36 46 15 252 5 190 159 21 62 5 221 602 72 5 87 658 5 21 10 134 221 5 165 237 5 231 31 62 3676
218.0 15 80 5 10 35 45 15 246 5 186 155 20 60 5 216 587 70 5 85 642 5 20 10 130 216 5 160 231 5 226 30 60 3585
219.0 15 78 5 10 34 44 15 240 5 181 152 20 59 5 210 572 68 5 83 626 5 20 10 127 210 5 156 225 5 220 29 59 3495
220.0 14 76 5 10 33 43 14 234 5 176 148 19 57 5 205 558 67 5 81 610 5 19 10 124 205 5 153 219 5 214 29 57 3408
221.0 14 74 5 9 33 42 14 228 5 172 144 19 56 5 200 544 65 5 79 595 5 19 9 121 200 5 149 214 5 209 28 56 3322
222.0 14 72 5 9 32 41 14 222 5 168 140 18 54 5 195 530 63 5 77 580 5 18 9 118 195 5 145 208 5 204 27 54 3237
223.0 13 71 4 9 31 40 13 216 4 163 137 18 53 4 190 516 62 4 75 565 4 18 9 115 190 4 141 203 4 199 26 53 3154
224.0 13 69 4 9 30 39 13 211 4 159 133 17 52 4 185 503 60 4 73 550 4 17 9 112 185 4 138 198 4 193 26 52 3073
225.0 13 67 4 8 29 38 13 205 4 155 130 17 50 4 180 490 59 4 71 536 4 17 8 109 180 4 134 193 4 188 25 50 2994
226.0 12 65 4 8 29 37 12 200 4 151 126 16 49 4 175 477 57 4 69 522 4 16 8 106 175 4 131 188 4 184 24 49 2916
227.0 12 64 4 8 28 36 12 195 4 147 123 16 48 4 171 465 56 4 68 508 4 16 8 103 171 4 127 183 4 179 24 48 2840
228.0 12 62 4 8 27 35 12 190 4 143 120 15 46 4 166 453 54 4 66 495 4 15 8 101 166 4 124 178 4 174 23 46 2765
229.0 11 60 4 8 26 34 11 185 4 139 117 15 45 4 162 441 53 4 64 482 4 15 8 98 162 4 121 173 4 169 23 45 2692
230.0 11 59 4 7 26 33 11 180 4 136 114 15 44 4 158 429 51 4 62 469 4 15 7 95 158 4 117 169 4 165 22 44 2621
231.0 11 57 4 7 25 32 11 175 4 132 111 14 43 4 153 418 50 4 61 457 4 14 7 93 153 4 114 164 4 161 21 43 2551
232.0 10 56 3 7 24 31 10 170 3 129 108 14 42 3 149 406 49 3 59 445 3 14 7 90 149 3 111 160 3 156 21 42 2483
233.0 10 54 3 7 24 30 10 166 3 125 105 14 41 3 145 395 47 3 57 433 3 14 7 88 145 3 108 155 3 152 20 41 2417
234.0 10 53 3 7 23 30 10 161 3 122 102 13 39 3 141 385 46 3 56 421 3 13 7 86 141 3 105 151 3 148 20 39 2352
235.0 10 51 3 6 22 29 10 157 3 118 99 13 38 3 138 374 45 3 54 410 3 13 6 83 138 3 102 147 3 144 19 38 2288
236.0 9 50 3 6 22 28 9 153 3 115 97 12 37 3 134 364 44 3 53 398 3 12 6 81 134 3 100 143 3 140 19 37 2226
237.0 9 48 3 6 21 27 9 148 3 112 94 12 36 3 130 354 42 3 51 388 3 12 6 79 130 3 97 139 3 136 18 36 2165
238.0 9 47 3 6 21 27 9 144 3 109 91 12 35 3 127 345 41 3 50 377 3 12 6 77 127 3 94 135 3 133 18 35 2106
239.0 9 46 3 6 20 26 9 140 3 106 89 11 34 3 123 335 40 3 49 367 3 11 6 74 123 3 92 132 3 129 17 34 2048
240.0 8 45 3 6 19 25 8 136 3 103 86 11 33 3 120 326 39 3 47 357 3 11 6 72 120 3 89 128 3 125 17 33 1992
241.0 8 43 3 5 19 24 8 133 3 100 84 11 33 3 116 317 38 3 46 347 3 11 5 70 116 3 87 125 3 122 16 33 1937
242.0 8 42 3 5 18 24 8 129 3 97 82 11 32 3 113 308 37 3 45 337 3 11 5 68 113 3 84 121 3 119 16 32 1883
243.0 8 41 3 5 18 23 8 125 3 95 79 10 31 3 110 300 36 3 44 328 3 10 5 67 110 3 82 118 3 115 15 31 1831
244.0 7 40 2 5 17 22 7 122 2 92 77 10 30 2 107 291 35 2 42 319 2 10 5 65 107 2 80 114 2 112 15 30 1780
245.0 7 39 2 5 17 22 7 119 2 90 75 10 29 2 104 283 34 2 41 310 2 10 5 63 104 2 77 111 2 109 15 29 1730
246.0 7 38 2 5 16 21 7 115 2 87 73 9 28 2 101 275 33 2 40 301 2 9 5 61 101 2 75 108 2 106 14 28 1681
247.0 7 37 2 5 16 21 7 112 2 85 71 9 27 2 98 267 32 2 39 293 2 9 5 59 98 2 73 105 2 103 14 27 1634
248.0 7 36 2 4 16 20 7 109 2 82 69 9 27 2 96 260 31 2 38 284 2 9 4 58 96 2 71 102 2 100 13 27 1588
249.0 6 35 2 4 15 19 6 106 2 80 67 9 26 2 93 253 30 2 37 276 2 9 4 56 93 2 69 99 2 97 13 26 1543
250.0 6 34 2 4 15 19 6 103 2 78 65 8 25 2 90 245 29 2 36 268 2 8 4 55 90 2 67 96 2 94 13 25 1499
251.0 6 33 2 4 14 18 6 100 2 75 63 8 24 2 88 238 29 2 35 261 2 8 4 53 88 2 65 94 2 92 12 24 1457
252.0 6 32 2 4 14 18 6 97 2 73 61 8 24 2 85 232 28 2 34 253 2 8 4 51 85 2 63 91 2 89 12 24 1415
253.0 6 31 2 4 13 17 6 94 2 71 60 8 23 2 83 225 27 2 33 246 2 8 4 50 83 2 62 88 2 87 12 23 1375
254.0 6 30 2 4 13 17 6 92 2 69 58 7 22 2 80 219 26 2 32 239 2 7 4 49 80 2 60 86 2 84 11 22 1336
255.0 5 29 2 4 13 16 5 89 2 67 56 7 22 2 78 212 25 2 31 232 2 7 4 47 78 2 58 83 2 82 11 22 1297
256.0 5 28 2 4 12 16 5 86 2 65 55 7 21 2 76 206 25 2 30 226 2 7 4 46 76 2 56 81 2 79 11 21 1260
257.0 5 27 2 3 12 15 5 84 2 63 53 7 21 2 74 200 24 2 29 219 2 7 3 45 74 2 55 79 2 77 10 21 1224
258.0 5 27 2 3 12 15 5 81 2 62 52 7 20 2 71 195 23 2 28 213 2 7 3 43 71 2 53 76 2 75 10 20 1189
259.0 5 26 2 3 11 15 5 79 2 60 50 6 19 2 69 189 23 2 27 207 2 6 3 42 69 2 52 74 2 73 10 19 1154
260.0 5 25 2 3 11 14 5 77 2 58 49 6 19 2 67 183 22 2 27 201 2 6 3 41 67 2 50 72 2 71 9 19 1121
261.0 5 24 2 3 11 14 5 75 2 56 47 6 18 2 65 178 21 2 26 195 2 6 3 40 65 2 49 70 2 69 9 18 1088
262.0 4 24 1 3 10 13 4 72 1 55 46 6 18 1 64 173 21 1 25 189 1 6 3 38 64 1 47 68 1 67 9 18 1057
263.0 4 23 1 3 10 13 4 70 1 53 44 6 17 1 62 168 20 1 24 184 1 6 3 37 62 1 46 66 1 65 9 17 1026
264.0 4 22 1 3 10 13 4 68 1 52 43 6 17 1 60 163 20 1 24 178 1 6 3 36 60 1 45 64 1 63 8 17 996
265.0 4 22 1 3 9 12 4 66 1 50 42 5 16 1 58 158 19 1 23 173 1 5 3 35 58 1 43 62 1 61 8 16 967
266.0 4 21 1 3 9 12 4 64 1 49 41 5 16 1 56 154 18 1 22 168 1 5 3 34 56 1 42 60 1 59 8 16 939
267.0 4 20 1 3 9 11 4 62 1 47 40 5 15 1 55 149 18 1 22 163 1 5 3 33 55 1 41 59 1 57 8 15 912
268.0 4 20 1 2 9 11 4 61 1 46 38 5 15 1 53 145 17 1 21 158 1 5 2 32 53 1 40 57 1 56 7 15 885
269.0 4 19 1 2 8 11 4 59 1 44 37 5 14 1 52 141 17 1 20 154 1 5 2 31 52 1 38 55 1 54 7 14 859
270.0 3 19 1 2 8 10 3 57 1 43 36 5 14 1 50 136 16 1 20 149 1 5 2 30 50 1 37 54 1 52 7 14 834
271.0 3 18 1 2 8 10 3 55 1 42 35 5 14 1 49 132 16 1 19 145 1 5 2 29 49 1 36 52 1 51 7 14 809
272.0 3 18 1 2 8 10 3 54 1 41 34 4 13 1 47 129 15 1 19 141 1 4 2 29 47 1 35 51 1 49 7 13 785
273.0 3 17 1 2 7 10 3 52 1 39 33 4 13 1 46 125 15 1 18 136 1 4 2 28 46 1 34 49 1 48 6 13 762
274.0 3 17 1 2 7 9 3 51 1 38 32 4 12 1 44 121 14 1 18 132 1 4 2 27 44 1 33 48 1 47 6 12 740
275.0 3 16 1 2 7 9 3 49 1 37 31 4 12 1 43 117 14 1 17 129 1 4 2 26 43 1 32 46 1 45 6 12 718
276.0 3 16 1 2 7 9 3 48 1 36 30 4 12 1 42 114 14 1 17 125 1 4 2 25 42 1 31 45 1 44 6 12 697
277.0 3 15 1 2 7 9 3 46 1 35 29 4 11 1 41 111 13 1 16 121 1 4 2 25 41 1 30 43 1 43 6 11 676
278.0 3 15 1 2 6 8 3 45 1 34 28 4 11 1 39 107 13 1 16 117 1 4 2 24 39 1 29 42 1 41 6 11 656
279.0 3 14 1 2 6 8 3 44 1 33 28 4 11 1 38 104 12 1 15 114 1 4 2 23 38 1 28 41 1 40 5 11 637
280.0 3 14 1 2 6 8 3 42 1 32 27 3 10 1 37 101 12 1 15 111 1 3 2 22 37 1 28 40 1 39 5 10 618
281.0 3 13 1 2 6 8 3 41 1 31 26 3 10 1 36 98 12 1 14 107 1 3 2 22 36 1 27 39 1 38 5 10 599
282.0 2 13 1 2 6 7 2 40 1 30 25 3 10 1 35 95 11 1 14 104 1 3 2 21 35 1 26 37 1 37 5 10 581
283.0 2 13 1 2 6 7 2 39 1 29 24 3 9 1 34 92 11 1 13 101 1 3 2 21 34 1 25 36 1 36 5 9 564
284.0 2 12 1 2 5 7 2 38 1 28 24 3 9 1 33 90 11 1 13 98 1 3 2 20 33 1 24 35 1 34 5 9 547
285.0 2 12 1 1 5 7 2 36 1 27 23 3 9 1 32 87 10 1 13 95 1 3 1 19 32 1 24 34 1 33 4 9 531
286.0 2 12 1 1 5 6 2 35 1 27 22 3 9 1 31 84 10 1 12 92 1 3 1 19 31 1 23 33 1 32 4 9 515
287.0 2 11 1 1 5 6 2 34 1 26 22 3 8 1 30 82 10 1 12 89 1 3 1 18 30 1 22 32 1 31 4 8 500
288.0 2 11 1 1 5 6 2 33 1 25 21 3 8 1 29 79 9 1 12 87 1 3 1 18 29 1 22 31 1 31 4 8 485
289.0 2 11 1 1 5 6 2 32 1 24 20 3 8 1 28 77 9 1 11 84 1 3 1 17 28 1 21 30 1 30 4 8 470
290.0 2 10 1 1 4 6 2 31 1 24 20 3 8 1 27 75 9 1 11 82 1 3 1 17 27 1 20 29 1 29 4 8 456
291.0 2 10 1 1 4 6 2 30 1 23 19 2 7 1 27 72 9 1 11 79 1 2 1 16 27 1 20 28 1 28 4 7 443
292.0 2 10 1 1 4 5 2 29 1 22 19 2 7 1 26 70 8 1 10 77 1 2 1 16 26 1 19 28 1 27 4 7 429
293.0 2 9 1 1 4 5 2 29 1 22 18 2 7 1 25 68 8 1 10 75 1 2 1 15 25 1 19 27 1 26 3 7 417
294.0 2 9 1 1 4 5 2 28 1 21 18 2 7 1 24 66 8 1 10 72 1 2 1 15 24 1 18 26 1 25 3 7 404
295.0 2 9 1 1 4 5 2 27 1 20 17 2 7 1 24 64 8 1 9 70 1 2 1 14 24 1 18 25 1 25 3 7 392
296.0 2 9 1 1 4 5 2 26 1 20 16 2 6 1 23 62 7 1 9 68 1 2 1 14 23 1 17 24 1 24 3 6 380
297.0 2 8 1 1 4 5 2 25 1 19 16 2 6 1 22 60 7 1 9 66 1 2 1 13 22 1 17 24 1 23 3 6 369
298.0 2 8 1 1 4 5 2 25 1 19 16 2 6 1 22 59 7 1 9 64 1 2 1 13 22 1 16 23 1 23 3 6 358
299.0 1 8 0 1 3 4 1 24 0 18 15 2 6 0 21 57 7 0 8 62 0 2 1 13 21 0 16 22 0 22 3 6 347
300.0 1 8 0 1 3 4 1 23 0 17 15 2 6 0 20 55 7 0 8 60 0 2 1 12 20 0 15 22 0 21 3 6 337
301.0 1 7 0 1 3 4 1 22 0 17 14 2 5 0 20 53 6 0 8 58 0 2 1 12 20 0 15 21 0 21 3 5 327
302.0 1 7 0 1 3 4 1 22 0 16 14 2 5 0 19 52 6 0 8 57 0 2 1 12 19 0 14 20 0 20 3 5 317
303.0 1 7 0 1 3 4 1 21 0 16 13 2 5 0 18 50 6 0 7 55 0 2 1 11 18 0 14 20 0 19 3 5 307
304.0 1 7 0 1 3 4 1 20 0 15 13 2 5 0 18 49 6 0 7 53 0 2 1 11 18 0 13 19 0 19 3 5 298
305.0 1 6 0 1 3 4 1 20 0 15 13 2 5 0 17 47 6 0 7 52 0 2 1 11 17 0 13 19 0 18 2 5 289
306.0 1 6 0 1 3 4 1 19 0 15 12 2 5 0 17 46 5 0 7 50 0 2 1 10 17 0 13 18 0 18 2 5 280
307.0 1 6 0 1 3 3 1 19 0 14 12 2 5 0 16 44 5 0 6 49 0 2 1 10 16 0 12 17 0 17 2 5 272
308.0 1 6 0 1 3 3 1 18 0 14 11 1 4 0 16 43 5 0 6 47 0 1 1 10 16 0 12 17 0 17 2 4 264
309.0 1 6 0 1 3 3 1 18 0 13 11 1 4 0 15 42 5 0 6 46 0 1 1 9 15 0 11 16 0 16 2 4 256
310.0 1 6 0 1 2 3 1 17 0 13 11 1 4 0 15 41 5 0 6 44 0 1 1 9 15 0 11 16 0 16 2 4 248
311.0 1 5 0 1 2 3 1 16 0 12 10 1 4 0 14 39 5 0 6 43 0 1 1 9 14 0 11 15 0 15 2 4 241
312.0 1 5 0 1 2 3 1 16 0 12 10 1 4 0 14 38 5 0 6 42 0 1 1 8 14 0 10 15 0 15 2 4 233
313.0 1 5 0 1 2 3 1 16 0 12 10 1 4 0 14 37 4 0 5 41 0 1 1 8 14 0 10 15 0 14 2 4 226
314.0 1 5 0 1 2 3 1 15 0 11 10 1 4 0 13 36 4 0 5 39 0 1 1 8 13 0 10 14 0 14 2 4 219
315.0 1 5 0 1 2 3 1 15 0 11 9 1 4 0 13 35 4 0 5 38 0 1 1 8 13 0 10 14 0 13 2 4 213
316.0 1 5 0 1 2 3 1 14 0 11 9 1 3 0 12 34 4 0 5 37 0 1 1 8 12 0 9 13 0 13 2 3 206
317.0 1 4 0 1 2 3 1 14 0 10 9 1 3 0 12 33 4 0 5 36 0 1 1 7 12 0 9 13 0 13 2 3 200
318.0 1 4 0 1 2 2 1 13 0 10 8 1 3 0 12 32 4 0 5 35 0 1 1 7 12 0 9 12 0 12 2 3 194
319.0 1 4 0 1 2 2 1 13 0 10 8 1 3 0 11 31 4 0 4 34 0 1 1 7 11 0 8 12 0 12 2 3 188
320.0 1 4 0 1 2 2 1 13 0 9 8 1 3 0 11 30 4 0 4 33 0 1 1 7 11 0 8 12 0 11 2 3 183
321.0 1 4 0 0 2 2 1 12 0 9 8 1 3 0 11 29 3 0 4 32 0 1 0 6 11 0 8 11 0 11 1 3 177
322.0 1 4 0 0 2 2 1 12 0 9 7 1 3 0 10 28 3 0 4 31 0 1 0 6 10 0 8 11 0 11 1 3 172
323.0 1 4 0 0 2 2 1 11 0 9 7 1 3 0 10 27 3 0 4 30 0 1 0 6 10 0 7 11 0 10 1 3 167
324.0 1 4 0 0 2 2 1 11 0 8 7 1 3 0 10 26 3 0 4 29 0 1 0 6 10 0 7 10 0 10 1 3 162
325.0 1 4 0 0 2 2 1 11 0 8 7 1 3 0 9 26 3 0 4 28 0 1 0 6 9 0 7 10 0 10 1 3 157
326.0 1 3 0 0 1 2 1 10 0 8 7 1 3 0 9 25 3 0 4 27 0 1 0 6 9 0 7 10 0 10 1 3 152
327.0 1 3 0 0 1 2 1 10 0 8 6 1 2 0 9 24 3 0 4 26 0 1 0 5 9 0 7 9 0 9 1 2 147
328.0 1 3 0 0 1 2 1 10 0 7 6 1 2 0 9 23 3 0 3 26 0 1 0 5 9 0 6 9 0 9 1 2 143
329.0 1 3 0 0 1 2 1 9 0 7 6 1 2 0 8 23 3 0 3 25 0 1 0 5 8 0 6 9 0 9 1 2 139
330.0 1 3 0 0 1 2 1 9 0 7 6 1 2 0 8 22 3 0 3 24 0 1 0 5 8 0 6 9 0 8 1 2 134
331.0 1 3 0 0 1 2 1 9 0 7 6 1 2 0 8 21 3 0 3 23 0 1 0 5 8 0 6 8 0 8 1 2 130
332.0 1 3 0 0 1 2 1 9 0 7 5 1 2 0 8 21 2 0 3 23 0 1 0 5 8 0 6 8 0 8 1 2 126
333.0 1 3 0 0 1 2 1 8 0 6 5 1 2 0 7 20 2 0 3 22 0 1 0 4 7 0 5 8 0 8 1 2 123
334.0 0 3 0 0 1 1 0 8 0 6 5 1 2 0 7 19 2 0 3 21 0 1 0 4 7 0 5 8 0 7 1 2 119
335.0 0 3 0 0 1 1 0 8 0 6 5 1 2 0 7 19 2 0 3 21 0 1 0 4 7 0 5 7 0 7 1 2 115
336.0 0 3 0 0 1 1 0 8 0 6 5 1 2 0 7 18 2 0 3 20 0 1 0 4 7 0 5 7 0 7 1 2 112
337.0 0 2 0 0 1 1 0 7 0 6 5 1 2 0 7 18 2 0 3 19 0 1 0 4 7 0 5 7 0 7 1 2 108
338.0 0 2 0 0 1 1 0 7 0 5 5 1 2 0 6 17 2 0 3 19 0 1 0 4 6 0 5 7 0 7 1 2 105
339.0 0 2 0 0 1 1 0 7 0 5 4 1 2 0 6 17 2 0 2 18 0 1 0 4 6 0 5 7 0 6 1 2 102
340.0 0 2 0 0 1 1 0 7 0 5 4 1 2 0 6 16 2 0 2 18 0 1 0 4 6 0 4 6 0 6 1 2 99
341.0 0 2 0 0 1 1 0 7 0 5 4 1 2 0 6 16 2 0 2 17 0 1 0 3 6 0 4 6 0 6 1 2 96
342.0 0 2 0 0 1 1 0 6 0 5 4 1 2 0 6 15 2 0 2 17 0 1 0 3 6 0 4 6 0 6 1 2 93
343.0 0 2 0 0 1 1 0 6 0 5 4 1 2 0 5 15 2 0 2 16 0 1 0 3 5 0 4 6 0 6 1 2 90
344.0 0 2 0 0 1 1 0 6 0 5 4 0 1 0 5 14 2 0 2 16 0 0 0 3 5 0 4 6 0 6 1 1 88
345.0 0 2 0 0 1 1 0 6 0 4 4 0 1 0 5 14 2 0 2 15 0 0 0 3 5 0 4 5 0 5 1 1 85
346.0 0 2 0 0 1 1 0 6 0 4 4 0 1 0 5 13 2 0 2 15 0 0 0 3 5 0 4 5 0 5 1 1 82
347.0 0 2 0 0 1 1 0 5 0 4 3 0 1 0 5 13 2 0 2 14 0 0 0 3 5 0 4 5 0 5 1 1 80
348.0 0 2 0 0 1 1 0 5 0 4 3 0 1 0 5 13 2 0 2 14 0 0 0 3 5 0 3 5 0 5 1 1 77
349.0 0 2 0 0 1 1 0 5 0 4 3 0 1 0 5 12 1 0 2 13 0 0 0 3 5 0 3 5 0 5 1 1 75
350.0 0 2 0 0 1 1 0 5 0 4 3 0 1 0 4 12 1 0 2 13 0 0 0 3 4 0 3 5 0 5 1 1 73
351.0 0 2 0 0 1 1 0 5 0 4 3 0 1 0 4 12 1 0 2 13 0 0 0 3 4 0 3 5 0 4 1 1 71
352.0 0 2 0 0 1 1 0 5 0 4 3 0 1 0 4 11 1 0 2 12 0 0 0 2 4 0 3 4 0 4 1 1 68
353.0 0 1 0 0 1 1 0 5 0 3 3 0 1 0 4 11 1 0 2 12 0 0 0 2 4 0 3 4 0 4 1 1 66
354.0 0 1 0 0 1 1 0 4 0 3 3 0 1 0 4 11 1 0 2 12 0 0 0 2 4 0 3 4 0 4 1 1 64
355.0 0 1 0 0 1 1 0 4 0 3 3 0 1 0 4 10 1 0 1 11 0 0 0 2 4 0 3 4 0 4 1 1 62
356.0 0 1 0 0 1 1 0 4 0 3 3 0 1 0 4 10 1 0 1 11 0 0 0 2 4 0 3 4 0 4 1 1 61
357.0 0 1 0 0 1 1 0 4 0 3 3 0 1 0 4 10 1 0 1 11 0 0 0 2 4 0 3 4 0 4 0 1 59
358.0 0 1 0 0 1 1 0 4 0 3 2 0 1 0 3 9 1 0 1 10 0 0 0 2 3 0 3 4 0 4 0 1 57
359.0 0 1 0 0 1 1 0 4 0 3 2 0 1 0 3 9 1 0 1 10 0 0 0 2 3 0 2 4 0 3 0 1 55
360.0 0 1 0 0 1 1 0 4 0 3 2 0 1 0 3 9 1 0 1 10 0 0 0 2 3 0 2 3 0 3 0 1 54
361.0 0 1 0 0 1 1 0 4 0 3 2 0 1 0 3 9 1 0 1 9 0 0 0 2 3 0 2 3 0 3 0 1 52
362.0 0 1 0 0 0 1 0 3 0 3 2 0 1 0 3 8 1 0 1 9 0 0 0 2 3 0 2 3 0 3 0 1 50
363.0 0 1 0 0 0 1 0 3 0 3 2 0 1 0 3 8 1 0 1 9 0 0 0 2 3 0 2 3 0 3 0 1 49
364.0 0 1 0 0 0 1 0 3 0 2 2 0 1 0 3 8 1 0 1 8 0 0 0 2 3 0 2 3 0 3 0 1 47
365.0 0 1 0 0 0 1 0 3 0 2 2 0 1 0 3 8 1 0 1 8 0 0 0 2 3 0 2 3 0 3 0 1 46
