Covid-19 Population Estimated by PSD Model @ CDS/IISc
Day AN AP AR AS BR CH CT DL GA GJ HR HP JK JH KA KL LA LD MP MH MN OR PY PB RJ SK TN TG TR UP UT WB Total
0.0 3 17 1 2 7 9 3 51 1 38 32 4 12 1 45 121 14 1 18 132 1 4 2 27 45 1 33 48 1 47 6 12 740
1.0 4 20 1 3 9 11 4 62 1 47 39 5 15 1 54 148 18 1 21 162 1 5 3 33 54 1 40 58 1 57 8 15 902
2.0 4 23 1 3 10 13 4 72 1 54 45 6 18 1 63 171 20 1 25 187 1 6 3 38 63 1 47 67 1 66 9 18 1045
3.0 5 27 2 3 12 15 5 81 2 61 51 7 20 2 71 194 23 2 28 212 2 7 3 43 71 2 53 76 2 75 10 20 1187
4.0 6 30 2 4 13 17 6 92 2 69 58 7 22 2 81 219 26 2 32 240 2 7 4 49 81 2 60 86 2 84 11 22 1340
5.0 6 34 2 4 15 19 6 104 2 78 65 8 25 2 91 247 30 2 36 270 2 8 4 55 91 2 68 97 2 95 13 25 1510
6.0 7 38 2 5 17 21 7 117 2 88 74 10 29 2 102 279 33 2 40 305 2 10 5 62 102 2 76 109 2 107 14 29 1702
7.0 8 43 3 5 19 24 8 131 3 99 83 11 32 3 115 314 38 3 46 343 3 11 5 70 115 3 86 123 3 121 16 32 1917
8.0 9 48 3 6 21 27 9 148 3 112 94 12 36 3 130 353 42 3 51 387 3 12 6 79 130 3 97 139 3 136 18 36 2160
9.0 10 54 3 7 24 31 10 167 3 126 105 14 41 3 146 398 48 3 58 435 3 14 7 88 146 3 109 156 3 153 20 41 2431
10.0 11 61 4 8 27 34 11 187 4 142 119 15 46 4 165 448 54 4 65 490 4 15 8 99 165 4 122 176 4 172 23 46 2735
11.0 13 69 4 9 30 39 13 211 4 159 133 17 52 4 185 503 60 4 73 551 4 17 9 112 185 4 138 198 4 194 26 52 3076
12.0 14 77 5 10 34 43 14 237 5 179 150 19 58 5 208 565 68 5 82 619 5 19 10 126 208 5 155 222 5 217 29 58 3455
13.0 16 87 5 11 38 49 16 266 5 201 168 22 65 5 233 635 76 5 92 694 5 22 11 141 233 5 174 250 5 244 33 65 3878
14.0 18 97 6 12 43 55 18 298 6 225 189 24 73 6 262 712 85 6 103 779 6 24 12 158 262 6 195 280 6 274 36 73 4349
15.0 20 109 7 14 48 61 20 334 7 252 211 27 82 7 293 797 95 7 116 872 7 27 14 177 293 7 218 313 7 307 41 82 4871
16.0 23 122 8 15 53 68 23 373 8 281 236 30 91 8 327 890 107 8 129 974 8 30 15 198 327 8 243 350 8 342 46 91 5440
17.0 25 135 8 17 59 76 25 415 8 313 262 34 102 8 364 990 118 8 144 1083 8 34 17 220 364 8 271 389 8 381 51 102 6050
18.0 28 150 9 19 66 84 28 459 9 347 290 37 112 9 403 1096 131 9 159 1199 9 37 19 244 403 9 300 431 9 422 56 112 6700
19.0 31 165 10 21 72 93 31 506 10 382 320 41 124 10 444 1209 145 10 176 1322 10 41 21 269 444 10 331 475 10 465 62 124 7387
20.0 34 181 11 23 79 102 34 556 11 419 351 45 136 11 488 1326 159 11 193 1451 11 45 23 295 488 11 363 522 11 510 68 136 8106
21.0 37 198 12 25 87 111 37 607 12 458 384 50 149 12 533 1449 173 12 211 1585 12 50 25 322 533 12 396 570 12 557 74 149 8856
22.0 40 215 13 27 94 121 40 660 13 498 417 54 162 13 579 1575 188 13 229 1723 13 54 27 350 579 13 431 619 13 606 81 162 9626
23.0 44 234 15 29 102 132 44 716 15 541 453 58 175 15 628 1710 205 15 248 1871 15 58 29 380 628 15 468 672 15 658 88 175 10450
24.0 48 253 16 32 111 143 48 776 16 586 491 63 190 16 681 1853 222 16 269 2027 16 63 32 412 681 16 507 729 16 713 95 190 11325
25.0 51 274 17 34 120 154 51 840 17 634 531 69 206 17 737 2005 240 17 291 2193 17 69 34 446 737 17 548 788 17 771 103 206 12252
26.0 56 296 19 37 130 167 56 907 19 685 574 74 222 19 796 2166 259 19 315 2369 19 74 37 481 796 19 592 851 19 833 111 222 13235
27.0 60 319 20 40 140 180 60 978 20 739 619 80 240 20 859 2336 280 20 339 2556 20 80 40 519 859 20 639 918 20 898 120 240 14275
28.0 65 344 22 43 151 194 65 1054 22 796 667 86 258 22 925 2516 301 22 366 2753 22 86 43 559 925 22 688 989 22 968 129 258 15378
29.0 69 370 23 46 162 208 69 1134 23 856 717 93 278 23 995 2708 324 23 393 2962 23 93 46 602 995 23 741 1065 23 1041 139 278 16547
30.0 75 398 25 50 174 224 75 1219 25 920 771 100 299 25 1070 2910 348 25 423 3184 25 100 50 647 1070 25 796 1144 25 1119 149 299 17786
31.0 80 427 27 53 187 240 80 1309 27 988 828 107 321 27 1149 3125 374 27 454 3419 27 107 53 694 1149 27 855 1229 27 1202 160 321 19098
32.0 86 458 29 57 201 258 86 1404 29 1060 888 115 344 29 1232 3352 401 29 487 3668 29 115 57 745 1232 29 917 1318 29 1289 172 344 20487
33.0 92 491 31 61 215 276 92 1505 31 1136 952 123 368 31 1320 3593 430 31 522 3931 31 123 61 798 1320 31 983 1413 31 1382 184 368 21956
34.0 99 526 33 66 230 296 99 1611 33 1217 1019 132 395 33 1414 3847 460 33 559 4209 33 132 66 855 1414 33 1052 1513 33 1480 197 395 23510
35.0 106 563 35 70 246 317 106 1724 35 1302 1091 141 422 35 1513 4116 493 35 598 4503 35 141 70 915 1513 35 1126 1618 35 1583 211 422 25153
36.0 113 602 38 75 263 338 113 1843 38 1391 1166 150 451 38 1617 4400 526 38 639 4814 38 150 75 978 1617 38 1203 1730 38 1692 226 451 26889
37.0 120 642 40 80 281 361 120 1967 40 1485 1244 161 482 40 1726 4697 562 40 682 5138 40 161 80 1044 1726 40 1285 1847 40 1806 241 482 28702
38.0 128 684 43 86 299 385 128 2096 43 1582 1326 171 513 43 1839 5004 599 43 727 5474 43 171 86 1112 1839 43 1369 1967 43 1924 257 513 30578
39.0 136 728 45 91 318 409 136 2228 45 1683 1410 182 546 45 1955 5320 637 45 773 5821 45 182 91 1182 1955 45 1455 2092 45 2046 273 546 32513
40.0 145 772 48 97 338 434 145 2364 48 1785 1496 193 579 48 2075 5646 676 48 820 6177 48 193 97 1255 2075 48 1544 2220 48 2171 290 579 34502
41.0 153 818 51 102 358 460 153 2504 51 1891 1584 204 613 51 2197 5979 715 51 869 6541 51 204 102 1329 2197 51 1635 2351 51 2300 307 613 36537
42.0 162 864 54 108 378 486 162 2646 54 1998 1674 216 648 54 2322 6318 756 54 918 6912 54 216 108 1404 2322 54 1728 2484 54 2430 324 648 38610
43.0 171 911 57 114 399 512 171 2790 57 2107 1765 228 683 57 2448 6662 797 57 968 7288 57 228 114 1480 2448 57 1822 2619 57 2562 342 683 40712
44.0 180 958 60 120 419 539 180 2935 60 2216 1857 240 719 60 2576 7009 839 60 1018 7668 60 240 120 1558 2576 60 1917 2756 60 2696 359 719 42832
45.0 189 1006 63 126 440 566 189 3081 63 2327 1949 252 755 63 2704 7357 880 63 1069 8049 63 252 126 1635 2704 63 2012 2893 63 2830 377 755 44960
46.0 198 1054 66 132 461 593 198 3227 66 2437 2041 263 790 66 2832 7705 922 66 1120 8429 66 263 132 1712 2832 66 2107 3029 66 2963 395 790 47086
47.0 206 1101 69 138 482 619 206 3372 69 2546 2133 275 826 69 2959 8050 963 69 1170 8807 69 275 138 1789 2959 69 2202 3165 69 3096 413 826 49197
48.0 215 1148 72 143 502 646 215 3515 72 2654 2223 287 861 72 3084 8392 1004 72 1219 9181 72 287 143 1865 3084 72 2295 3299 72 3228 430 861 51283
49.0 224 1193 75 149 522 671 224 3655 75 2760 2312 298 895 75 3207 8727 1044 75 1268 9547 75 298 149 1939 3207 75 2387 3431 75 3357 448 895 53332
50.0 232 1238 77 155 542 696 232 3792 77 2863 2399 310 929 77 3328 9054 1083 77 1316 9905 77 310 155 2012 3328 77 2476 3560 77 3482 464 929 55331
51.0 240 1282 80 160 561 721 240 3925 80 2964 2483 320 961 80 3444 9372 1121 80 1362 10253 80 320 160 2083 3444 80 2563 3685 80 3604 481 961 57271
52.0 248 1325 83 166 580 745 248 4057 83 3063 2566 331 993 83 3560 9686 1159 83 1407 10597 83 331 166 2152 3560 83 2649 3808 83 3725 497 993 59192
53.0 256 1368 85 171 598 769 256 4189 85 3163 2650 342 1026 85 3676 10003 1197 85 1453 10944 85 342 171 2223 3676 85 2736 3933 85 3847 513 1026 61132
54.0 265 1412 88 176 618 794 265 4323 88 3265 2735 353 1059 88 3794 10323 1235 88 1500 11294 88 353 176 2294 3794 88 2823 4059 88 3970 529 1059 63086
55.0 273 1456 91 182 637 819 273 4459 91 3367 2821 364 1092 91 3913 10646 1274 91 1547 11647 91 364 182 2366 3913 91 2912 4186 91 4095 546 1092 65058
56.0 281 1500 94 188 656 844 281 4595 94 3470 2907 375 1125 94 4032 10972 1313 94 1594 12003 94 375 188 2438 4032 94 3001 4314 94 4220 563 1125 67049
57.0 290 1545 97 193 676 869 290 4733 97 3574 2994 386 1159 97 4154 11301 1352 97 1642 12364 97 386 193 2511 4154 97 3091 4443 97 4347 580 1159 69064
58.0 298 1591 99 199 696 895 298 4873 99 3680 3083 398 1193 99 4276 11636 1392 99 1691 12730 99 398 199 2586 4276 99 3182 4575 99 4475 597 1193 71107
59.0 307 1638 102 205 716 921 307 5015 102 3787 3173 409 1228 102 4401 11975 1433 102 1740 13101 102 409 205 2661 4401 102 3275 4708 102 4606 614 1228 73182
60.0 316 1685 105 211 737 948 316 5160 105 3896 3264 421 1264 105 4528 12321 1474 105 1790 13479 105 421 211 2738 4528 105 3370 4844 105 4739 632 1264 75292
61.0 325 1733 108 217 758 975 325 5307 108 4007 3358 433 1300 108 4657 12672 1516 108 1841 13864 108 433 217 2816 4657 108 3466 4982 108 4874 650 1300 77441
62.0 334 1782 111 223 780 1002 334 5457 111 4121 3453 445 1336 111 4789 13031 1559 111 1893 14256 111 445 223 2896 4789 111 3564 5123 111 5012 668 1336 79632
63.0 344 1832 115 229 802 1031 344 5611 115 4237 3550 458 1374 115 4924 13397 1603 115 1947 14656 115 458 229 2977 4924 115 3664 5267 115 5153 687 1374 81868
64.0 353 1883 118 235 824 1059 353 5767 118 4355 3649 471 1412 118 5061 13770 1648 118 2001 15065 118 471 235 3060 5061 118 3766 5414 118 5296 706 1412 84151
65.0 363 1935 121 242 847 1089 363 5927 121 4475 3750 484 1452 121 5201 14152 1693 121 2056 15483 121 484 242 3145 5201 121 3871 5564 121 5443 726 1452 86485
66.0 373 1989 124 249 870 1119 373 6091 124 4599 3853 497 1492 124 5345 14543 1740 124 2113 15910 124 497 249 3232 5345 124 3978 5718 124 5593 746 1492 88872
67.0 383 2043 128 255 894 1149 383 6258 128 4725 3959 511 1533 128 5492 14942 1788 128 2171 16347 128 511 255 3321 5492 128 4087 5875 128 5747 766 1533 91315
68.0 394 2099 131 262 918 1181 394 6429 131 4855 4068 525 1575 131 5642 15352 1837 131 2231 16795 131 525 262 3411 5642 131 4199 6036 131 5904 787 1575 93816
69.0 404 2157 135 270 944 1213 404 6605 135 4987 4179 539 1618 135 5796 15771 1887 135 2291 17254 135 539 270 3505 5796 135 4313 6200 135 6066 809 1618 96377
70.0 415 2215 138 277 969 1246 415 6785 138 5123 4292 554 1662 138 5954 16200 1938 138 2354 17723 138 554 277 3600 5954 138 4431 6369 138 6231 831 1662 99001
71.0 427 2276 142 284 996 1280 427 6969 142 5262 4409 569 1707 142 6116 16640 1991 142 2418 18205 142 569 284 3698 6116 142 4551 6542 142 6400 853 1707 101691
72.0 438 2337 146 292 1023 1315 438 7158 146 5405 4529 584 1753 146 6281 17092 2045 146 2483 18698 146 584 292 3798 6281 146 4675 6720 146 6574 876 1753 104448
73.0 450 2401 150 300 1050 1350 450 7352 150 5551 4651 600 1800 150 6452 17554 2100 150 2551 19205 150 600 300 3901 6452 150 4801 6902 150 6752 900 1800 107275
74.0 462 2465 154 308 1079 1387 462 7550 154 5701 4777 616 1849 154 6626 18029 2157 154 2620 19724 154 616 308 4006 6626 154 4931 7088 154 6934 925 1849 110175
75.0 475 2532 158 317 1108 1424 475 7754 158 5855 4906 633 1899 158 6805 18515 2216 158 2690 20256 158 633 317 4115 6805 158 5064 7280 158 7121 950 1899 113149
76.0 488 2600 163 325 1138 1463 488 7963 163 6013 5038 650 1950 163 6988 19013 2275 163 2763 20800 163 650 325 4225 6988 163 5200 7475 163 7313 975 1950 116190
77.0 501 2669 167 334 1168 1502 501 8175 167 6173 5172 667 2002 167 7174 19520 2336 167 2836 21355 167 667 334 4338 7174 167 5339 7675 167 7508 1001 2002 119290
78.0 514 2740 171 343 1199 1541 514 8392 171 6337 5309 685 2055 171 7364 20037 2398 171 2911 21921 171 685 343 4453 7364 171 5480 7878 171 7707 1028 2055 122451
79.0 527 2812 176 352 1230 1582 527 8612 176 6503 5449 703 2109 176 7558 20564 2461 176 2988 22498 176 703 352 4570 7558 176 5624 8085 176 7909 1055 2109 125671
80.0 541 2886 180 361 1262 1623 541 8837 180 6673 5591 721 2164 180 7755 21101 2525 180 3066 23084 180 721 361 4689 7755 180 5771 8296 180 8116 1082 2164 128948
81.0 555 2960 185 370 1295 1665 555 9065 185 6845 5735 740 2220 185 7955 21646 2590 185 3145 23681 185 740 370 4810 7955 185 5920 8510 185 8325 1110 2220 132282
82.0 569 3036 190 379 1328 1708 569 9298 190 7021 5882 759 2277 190 8159 22201 2656 190 3226 24288 190 759 379 4933 8159 190 6072 8728 190 8539 1138 2277 135671
83.0 584 3113 195 389 1362 1751 584 9534 195 7199 6031 778 2335 195 8366 22764 2724 195 3308 24904 195 778 389 5059 8366 195 6226 8950 195 8755 1167 2335 139112
84.0 598 3191 199 399 1396 1795 598 9773 199 7380 6183 798 2393 199 8576 23335 2792 199 3391 25529 199 798 399 5186 8576 199 6382 9175 199 8975 1197 2393 142604
85.0 613 3270 204 409 1431 1840 613 10016 204 7563 6336 818 2453 204 8789 23915 2862 204 3475 26163 204 818 409 5314 8789 204 6541 9402 204 9198 1226 2453 146145
86.0 628 3351 209 419 1466 1885 628 10261 209 7748 6492 838 2513 209 9005 24502 2932 209 3560 26805 209 838 419 5445 9005 209 6701 9633 209 9424 1257 2513 149733
87.0 643 3432 214 429 1501 1930 643 10510 214 7936 6649 858 2574 214 9223 25096 3003 214 3646 27456 214 858 429 5577 9223 214 6864 9867 214 9652 1287 2574 153366
88.0 659 3514 220 439 1537 1977 659 10762 220 8127 6809 879 2636 220 9444 25698 3075 220 3734 28114 220 879 439 5711 9444 220 7028 10103 220 9884 1318 2636 157042
89.0 675 3597 225 450 1574 2024 675 11017 225 8319 6970 899 2698 225 9668 26306 3148 225 3822 28779 225 899 450 5846 9668 225 7195 10342 225 10118 1349 2698 160758
90.0 690 3681 230 460 1611 2071 690 11274 230 8513 7133 920 2761 230 9894 26920 3221 230 3911 29451 230 920 460 5982 9894 230 7363 10584 230 10354 1381 2761 164511
91.0 706 3766 235 471 1648 2118 706 11534 235 8709 7297 942 2825 235 10122 27540 3295 235 4002 30129 235 942 471 6120 10122 235 7532 10828 235 10592 1412 2825 168300
92.0 722 3852 241 481 1685 2167 722 11796 241 8907 7463 963 2889 241 10351 28165 3370 241 4092 30813 241 963 481 6259 10351 241 7703 11074 241 10833 1444 2889 172122
93.0 738 3938 246 492 1723 2215 738 12060 246 9106 7630 984 2953 246 10583 28796 3446 246 4184 31503 246 984 492 6399 10583 246 7876 11321 246 11075 1477 2953 175973
94.0 755 4025 252 503 1761 2264 755 12326 252 9307 7798 1006 3018 252 10816 29430 3522 252 4276 32197 252 1006 503 6540 10816 252 8049 11571 252 11319 1509 3018 179852
95.0 771 4112 257 514 1799 2313 771 12593 257 9509 7967 1028 3084 257 11051 30069 3598 257 4369 32896 257 1028 514 6682 11051 257 8224 11822 257 11565 1542 3084 183754
96.0 787 4200 262 525 1837 2362 787 12862 262 9712 8137 1050 3150 262 11287 30711 3675 262 4462 33598 262 1050 525 6825 11287 262 8400 12074 262 11812 1575 3150 187678
97.0 804 4288 268 536 1876 2412 804 13132 268 9916 8308 1072 3216 268 11524 31356 3752 268 4556 34304 268 1072 536 6968 11524 268 8576 12328 268 12060 1608 3216 191618
98.0 821 4376 274 547 1915 2462 821 13403 274 10121 8479 1094 3282 274 11762 32003 3829 274 4650 35012 274 1094 547 7112 11762 274 8753 12582 274 12309 1641 3282 195573
99.0 837 4465 279 558 1954 2512 837 13675 279 10326 8651 1116 3349 279 12000 32652 3907 279 4744 35721 279 1116 558 7256 12000 279 8930 12837 279 12558 1674 3349 199538
100.0 854 4554 285 569 1992 2562 854 13947 285 10531 8824 1139 3416 285 12239 33302 3985 285 4839 36433 285 1139 569 7400 12239 285 9108 13093 285 12808 1708 3416 203510
101.0 871 4643 290 580 2031 2612 871 14219 290 10737 8996 1161 3482 290 12478 33952 4063 290 4933 37144 290 1161 580 7545 12478 290 9286 13349 290 13058 1741 3482 207485
102.0 887 4732 296 591 2070 2662 887 14492 296 10943 9168 1183 3549 296 12717 34602 4140 296 5028 37856 296 1183 591 7689 12717 296 9464 13604 296 13309 1774 3549 211459
103.0 904 4821 301 603 2109 2712 904 14764 301 11148 9340 1205 3616 301 12956 35252 4218 301 5122 38566 301 1205 603 7834 12956 301 9642 13860 301 13558 1808 3616 215428
104.0 921 4909 307 614 2148 2762 921 15035 307 11353 9512 1227 3682 307 13194 35900 4296 307 5216 39275 307 1227 614 7978 13194 307 9819 14114 307 13808 1841 3682 219388
105.0 937 4998 312 625 2186 2811 937 15305 312 11557 9683 1249 3748 312 13431 36546 4373 312 5310 39982 312 1249 625 8121 13431 312 9995 14368 312 14056 1874 3748 223335
106.0 954 5086 318 636 2225 2861 954 15575 318 11761 9853 1271 3814 318 13668 37189 4450 318 5403 40685 318 1271 636 8264 13668 318 10171 14621 318 14303 1907 3814 227264
107.0 970 5173 323 647 2263 2910 970 15843 323 11963 10023 1293 3880 323 13903 37828 4526 323 5496 41385 323 1293 647 8406 13903 323 10346 14873 323 14549 1940 3880 231171
108.0 986 5260 329 657 2301 2959 986 16108 329 12164 10191 1315 3945 329 14136 38463 4602 329 5589 42079 329 1315 657 8547 14136 329 10520 15122 329 14793 1972 3945 235052
109.0 1002 5346 334 668 2339 3007 1002 16372 334 12363 10358 1337 4010 334 14367 39093 4678 334 5680 42768 334 1337 668 8687 14367 334 10692 15370 334 15036 2005 4010 238901
110.0 1018 5431 339 679 2376 3055 1018 16634 339 12560 10523 1358 4074 339 14597 39717 4752 339 5771 43451 339 1358 679 8826 14597 339 10863 15615 339 15276 2037 4074 242715
111.0 1034 5516 345 689 2413 3103 1034 16892 345 12755 10687 1379 4137 345 14824 40334 4826 345 5861 44126 345 1379 689 8963 14824 345 11032 15858 345 15513 2068 4137 246487
112.0 1050 5599 350 700 2450 3150 1050 17148 350 12948 10848 1400 4199 350 15048 40944 4899 350 5949 44794 350 1400 700 9099 15048 350 11198 16098 350 15748 2100 4199 250215
113.0 1065 5681 355 710 2486 3196 1065 17400 355 13138 11008 1420 4261 355 15269 41546 4971 355 6037 45452 355 1420 710 9232 15269 355 11363 16334 355 15979 2131 4261 253892
114.0 1080 5763 360 720 2521 3241 1080 17648 360 13326 11165 1441 4322 360 15487 42139 5042 360 6123 46100 360 1441 720 9364 15487 360 11525 16567 360 16207 2161 4322 257514
115.0 1095 5842 365 730 2556 3286 1095 17892 365 13510 11319 1461 4382 365 15701 42722 5112 365 6207 46738 365 1461 730 9494 15701 365 11685 16797 365 16431 2191 4382 261076
116.0 1110 5921 370 740 2590 3330 1110 18132 370 13691 11471 1480 4440 370 15911 43294 5180 370 6291 47364 370 1480 740 9621 15911 370 11841 17022 370 16651 2220 4440 264574
117.0 1124 5997 375 750 2624 3373 1124 18367 375 13869 11620 1499 4498 375 16118 43855 5248 375 6372 47978 375 1499 750 9746 16118 375 11994 17242 375 16867 2249 4498 268002
118.0 1139 6072 380 759 2657 3416 1139 18596 380 14042 11765 1518 4554 380 16319 44404 5313 380 6452 48578 380 1518 759 9867 16319 380 12145 17458 380 17078 2277 4554 271355
119.0 1152 6146 384 768 2689 3457 1152 18821 384 14212 11907 1536 4609 384 16516 44939 5377 384 6530 49164 384 1536 768 9987 16516 384 12291 17668 384 17284 2305 4609 274629
120.0 1166 6217 389 777 2720 3497 1166 19039 389 14377 12045 1554 4663 389 16708 45461 5440 389 6605 49735 389 1554 777 10102 16708 389 12434 17874 389 17485 2331 4663 277819
121.0 1179 6286 393 786 2750 3536 1179 19252 393 14537 12180 1572 4715 393 16894 45969 5501 393 6679 50291 393 1572 786 10215 16894 393 12573 18073 393 17680 2357 4715 280920
122.0 1191 6354 397 794 2780 3574 1191 19458 397 14693 12310 1588 4765 397 17075 46461 5559 397 6751 50829 397 1588 794 10325 17075 397 12707 18267 397 17870 2383 4765 283927
123.0 1204 6419 401 802 2808 3611 1204 19657 401 14843 12436 1605 4814 401 17250 46937 5616 401 6820 51350 401 1605 802 10430 17250 401 12837 18454 401 18053 2407 4814 286837
124.0 1215 6482 405 810 2836 3646 1215 19850 405 14989 12558 1620 4861 405 17419 47396 5671 405 6887 51852 405 1620 810 10533 17419 405 12963 18634 405 18229 2431 4861 289644
125.0 1227 6542 409 818 2862 3680 1227 20035 409 15128 12675 1635 4906 409 17582 47838 5724 409 6951 52336 409 1635 818 10631 17582 409 13084 18808 409 18399 2453 4906 292344
126.0 1237 6600 412 825 2887 3712 1237 20212 412 15262 12787 1650 4950 412 17737 48262 5775 412 7012 52799 412 1650 825 10725 17737 412 13200 18975 412 18562 2475 4950 294934
127.0 1248 6655 416 832 2912 3744 1248 20382 416 15390 12895 1664 4991 416 17886 48667 5823 416 7071 53242 416 1664 832 10815 17886 416 13311 19134 416 18718 2496 4991 297408
128.0 1258 6708 419 838 2935 3773 1258 20543 419 15512 12997 1677 5031 419 18028 49052 5869 419 7127 53664 419 1677 838 10900 18028 419 13416 19285 419 18866 2515 5031 299763
129.0 1267 6758 422 845 2957 3801 1267 20696 422 15628 13093 1689 5068 422 18162 49417 5913 422 7180 54063 422 1689 845 10982 18162 422 13516 19429 422 19007 2534 5068 301995
130.0 1276 6805 425 851 2977 3828 1276 20840 425 15737 13185 1701 5104 425 18289 49762 5954 425 7230 54440 425 1701 851 11058 18289 425 13610 19565 425 19139 2552 5104 304101
131.0 1284 6849 428 856 2997 3853 1284 20976 428 15839 13270 1712 5137 428 18407 50085 5993 428 7277 54794 428 1712 856 11130 18407 428 13699 19692 428 19264 2568 5137 306077
132.0 1292 6891 431 861 3015 3876 1292 21102 431 15934 13350 1723 5168 431 18518 50387 6029 431 7321 55124 431 1723 861 11197 18518 431 13781 19810 431 19380 2584 5168 307920
133.0 1299 6929 433 866 3031 3897 1299 21219 433 16023 13424 1732 5197 433 18621 50666 6063 433 7362 55430 433 1732 866 11259 18621 433 13857 19920 433 19487 2598 5197 309626
134.0 1306 6964 435 870 3047 3917 1306 21327 435 16104 13492 1741 5223 435 18715 50923 6093 435 7399 55710 435 1741 870 11316 18715 435 13928 20021 435 19586 2611 5223 311194
135.0 1312 6996 437 874 3061 3935 1312 21424 437 16178 13554 1749 5247 437 18801 51156 6121 437 7433 55966 437 1749 874 11368 18801 437 13991 20113 437 19675 2623 5247 312621
136.0 1317 7024 439 878 3073 3951 1317 21512 439 16244 13610 1756 5268 439 18878 51366 6146 439 7463 56195 439 1756 878 11415 18878 439 14049 20195 439 19756 2634 5268 313904
137.0 1322 7050 441 881 3084 3966 1322 21590 441 16303 13659 1762 5287 441 18947 51552 6169 441 7491 56399 441 1762 881 11456 18947 441 14100 20268 441 19828 2644 5287 315042
138.0 1326 7072 442 884 3094 3978 1326 21658 442 16354 13702 1768 5304 442 19006 51714 6188 442 7514 56576 442 1768 884 11492 19006 442 14144 20332 442 19890 2652 5304 316032
139.0 1330 7091 443 886 3102 3989 1330 21716 443 16398 13739 1773 5318 443 19057 51852 6205 443 7534 56727 443 1773 886 11523 19057 443 14182 20386 443 19943 2659 5318 316873
140.0 1332 7106 444 888 3109 3997 1332 21763 444 16433 13768 1777 5330 444 19098 51965 6218 444 7550 56851 444 1777 888 11548 19098 444 14213 20431 444 19987 2665 5330 317564
141.0 1335 7118 445 890 3114 4004 1335 21800 445 16461 13792 1780 5339 445 19131 52053 6229 445 7563 56947 445 1780 890 11567 19131 445 14237 20465 445 20020 2669 5339 318103
142.0 1336 7127 445 891 3118 4009 1336 21827 445 16481 13809 1782 5345 445 19154 52117 6236 445 7573 57016 445 1782 891 11581 19154 445 14254 20490 445 20045 2673 5345 318491
143.0 1337 7132 446 892 3120 4012 1337 21843 446 16493 13819 1783 5349 446 19168 52155 6241 446 7578 57059 446 1783 892 11590 19168 446 14265 20505 446 20060 2675 5349 318726
144.0 1338 7134 446 892 3121 4013 1338 21848 446 16498 13822 1784 5351 446 19173 52169 6242 446 7580 57073 446 1784 892 11593 19173 446 14268 20511 446 20065 2675 5351 318808
145.0 1337 7133 446 892 3121 4012 1337 21844 446 16494 13819 1783 5349 446 19169 52157 6241 446 7578 57061 446 1783 892 11590 19169 446 14265 20506 446 20060 2675 5349 318738
146.0 1336 7128 445 891 3118 4009 1336 21828 445 16483 13810 1782 5346 445 19156 52121 6237 445 7573 57021 445 1782 891 11582 19156 445 14255 20492 445 20046 2673 5346 318516
147.0 1335 7119 445 890 3115 4005 1335 21803 445 16463 13794 1780 5339 445 19133 52060 6229 445 7564 56954 445 1780 890 11569 19133 445 14239 20468 445 20023 2670 5339 318143
148.0 1333 7108 444 888 3110 3998 1333 21767 444 16436 13771 1777 5331 444 19102 51974 6219 444 7552 56861 444 1777 888 11550 19102 444 14215 20434 444 19990 2665 5331 317619
149.0 1330 7093 443 887 3103 3990 1330 21721 443 16401 13742 1773 5319 443 19061 51864 6206 443 7536 56740 443 1773 887 11525 19061 443 14185 20391 443 19948 2660 5319 316946
150.0 1326 7074 442 884 3095 3979 1326 21665 442 16359 13706 1769 5306 442 19012 51730 6190 442 7516 56593 442 1769 884 11495 19012 442 14148 20338 442 19896 2653 5306 316126
151.0 1322 7053 441 882 3085 3967 1322 21598 441 16309 13664 1763 5289 441 18954 51571 6171 441 7493 56420 441 1763 882 11460 18954 441 14105 20276 441 19835 2645 5289 315159
152.0 1318 7028 439 878 3075 3953 1318 21522 439 16251 13616 1757 5271 439 18887 51390 6149 439 7467 56221 439 1757 878 11420 18887 439 14055 20205 439 19765 2635 5271 314048
153.0 1312 7000 437 875 3062 3937 1312 21436 437 16187 13562 1750 5250 437 18812 51185 6125 437 7437 55997 437 1750 875 11374 18812 437 13999 20124 437 19686 2625 5250 312796
154.0 1307 6968 436 871 3049 3920 1307 21341 436 16115 13501 1742 5226 436 18728 50957 6097 436 7404 55748 436 1742 871 11324 18728 436 13937 20034 436 19599 2613 5226 311405
155.0 1300 6934 433 867 3034 3901 1300 21236 433 16036 13435 1734 5201 433 18636 50707 6068 433 7368 55474 433 1734 867 11268 18636 433 13869 19936 433 19503 2600 5201 309876
156.0 1293 6897 431 862 3017 3880 1293 21122 431 15950 13363 1724 5173 431 18536 50435 6035 431 7328 55177 431 1724 862 11208 18536 431 13794 19829 431 19398 2586 5173 308215
157.0 1286 6857 429 857 3000 3857 1286 21000 429 15857 13285 1714 5143 429 18428 50142 6000 429 7286 54856 429 1714 857 11143 18428 429 13714 19714 429 19285 2571 5143 306422
158.0 1278 6814 426 852 2981 3833 1278 20868 426 15757 13202 1704 5111 426 18313 49828 5962 426 7240 54512 426 1704 852 11073 18313 426 13628 19590 426 19165 2555 5111 304503
159.0 1269 6768 423 846 2961 3807 1269 20728 423 15652 13114 1692 5076 423 18190 49493 5922 423 7191 54147 423 1692 846 10999 18190 423 13537 19459 423 19036 2538 5076 302460
160.0 1260 6720 420 840 2940 3780 1260 20580 420 15540 13020 1680 5040 420 18060 49139 5880 420 7140 53759 420 1680 840 10920 18060 420 13440 19320 420 18900 2520 5040 300297
161.0 1250 6669 417 834 2918 3751 1250 20424 417 15422 12921 1667 5002 417 17923 48766 5835 417 7086 53351 417 1667 834 10837 17923 417 13338 19173 417 18756 2501 5002 298017
162.0 1240 6615 413 827 2894 3721 1240 20260 413 15298 12817 1654 4962 413 17779 48375 5788 413 7029 52923 413 1654 827 10750 17779 413 13231 19019 413 18606 2481 4962 295626
163.0 1230 6559 410 820 2870 3690 1230 20088 410 15169 12709 1640 4920 410 17629 47966 5740 410 6969 52476 410 1640 820 10659 17629 410 13119 18858 410 18448 2460 4920 293126
164.0 1219 6501 406 813 2844 3657 1219 19910 406 15034 12596 1625 4876 406 17472 47540 5689 406 6908 52010 406 1625 813 10564 17472 406 13002 18691 406 18285 2438 4876 290523
165.0 1208 6441 403 805 2818 3623 1208 19725 403 14894 12479 1610 4831 403 17309 47098 5636 403 6843 51526 403 1610 805 10466 17309 403 12881 18517 403 18115 2415 4831 287820
166.0 1196 6378 399 797 2790 3588 1196 19533 399 14749 12358 1595 4784 399 17141 46640 5581 399 6777 51025 399 1595 797 10364 17141 399 12756 18337 399 17938 2392 4784 285022
167.0 1184 6313 395 789 2762 3551 1184 19335 395 14600 12232 1578 4735 395 16967 46167 5524 395 6708 50508 395 1578 789 10259 16967 395 12627 18151 395 17757 2368 4735 282133
168.0 1171 6247 390 781 2733 3514 1171 19131 390 14446 12103 1562 4685 390 16789 45680 5466 390 6637 49975 390 1562 781 10151 16789 390 12494 17960 390 17569 2343 4685 279158
169.0 1158 6179 386 772 2703 3475 1158 18922 386 14288 11971 1545 4634 386 16605 45180 5406 386 6565 49428 386 1545 772 10040 16605 386 12357 17763 386 17377 2317 4634 276102
170.0 1145 6108 382 764 2672 3436 1145 18707 382 14126 11835 1527 4581 382 16416 44668 5345 382 6490 48867 382 1527 764 9926 16416 382 12217 17562 382 17180 2291 4581 272970
171.0 1132 6037 377 755 2641 3396 1132 18487 377 13960 11696 1509 4528 377 16224 44143 5282 377 6414 48294 377 1509 755 9810 16224 377 12073 17355 377 16978 2264 4528 269765
172.0 1118 5963 373 745 2609 3354 1118 18263 373 13791 11554 1491 4473 373 16027 43608 5218 373 6336 47708 373 1491 745 9691 16027 373 11927 17145 373 16772 2236 4473 266492
173.0 1104 5889 368 736 2576 3312 1104 18035 368 13618 11410 1472 4417 368 15826 43062 5153 368 6257 47111 368 1472 736 9569 15826 368 11778 16930 368 16562 2208 4417 263157
174.0 1090 5813 363 727 2543 3270 1090 17802 363 13442 11263 1453 4360 363 15622 42507 5086 363 6176 46503 363 1453 727 9446 15622 363 11626 16712 363 16349 2180 4360 259764
175.0 1075 5736 358 717 2509 3226 1075 17566 358 13264 11113 1434 4302 358 15415 41943 5019 358 6094 45886 358 1434 717 9321 15415 358 11472 16490 358 16132 2151 4302 256318
176.0 1061 5658 354 707 2475 3182 1061 17326 354 13083 10962 1414 4243 354 15205 41371 4950 354 6011 45261 354 1414 707 9194 15205 354 11315 16266 354 15912 2122 4243 252823
177.0 1046 5578 349 697 2441 3138 1046 17084 349 12900 10808 1395 4184 349 14992 40792 4881 349 5927 44627 349 1395 697 9065 14992 349 11157 16038 349 15689 2092 4184 249283
178.0 1031 5498 344 687 2405 3093 1031 16838 344 12715 10653 1375 4124 344 14777 40206 4811 344 5842 43986 344 1375 687 8935 14777 344 10997 15808 344 15464 2062 4124 245704
179.0 1016 5417 339 677 2370 3047 1016 16591 339 12528 10496 1354 4063 339 14559 39615 4740 339 5756 43339 339 1354 677 8803 14559 339 10835 15575 339 15236 2032 4063 242089
180.0 1000 5336 333 667 2334 3001 1000 16341 333 12339 10338 1334 4002 333 14340 39018 4669 333 5669 42686 333 1334 667 8671 14340 333 10672 15340 333 15007 2001 4002 238444
181.0 985 5254 328 657 2298 2955 985 16089 328 12149 10179 1313 3940 328 14119 38417 4597 328 5582 42029 328 1313 657 8537 14119 328 10507 15104 328 14776 1970 3940 234772
182.0 970 5171 323 646 2262 2909 970 15836 323 11958 10019 1293 3878 323 13897 37813 4525 323 5494 41368 323 1293 646 8403 13897 323 10342 14867 323 14543 1939 3878 231077
183.0 954 5088 318 636 2226 2862 954 15582 318 11766 9858 1272 3816 318 13674 37205 4452 318 5406 40703 318 1272 636 8268 13674 318 10176 14628 318 14310 1908 3816 227364
184.0 938 5004 313 626 2189 2815 938 15326 313 11573 9696 1251 3753 313 13450 36595 4379 313 5317 40036 313 1251 626 8132 13450 313 10009 14388 313 14075 1877 3753 223637
185.0 923 4921 308 615 2153 2768 923 15070 308 11379 9534 1230 3691 308 13225 35984 4306 308 5228 39367 308 1230 615 7996 13225 308 9842 14147 308 13840 1845 3691 219900
186.0 907 4837 302 605 2116 2721 907 14813 302 11186 9372 1209 3628 302 13000 35371 4232 302 5139 38696 302 1209 605 7860 13000 302 9674 13906 302 13604 1814 3628 216155
187.0 891 4753 297 594 2080 2674 891 14557 297 10992 9209 1188 3565 297 12774 34758 4159 297 5050 38025 297 1188 594 7724 12774 297 9506 13665 297 13368 1782 3565 212408
188.0 875 4669 292 584 2043 2626 875 14300 292 10798 9047 1167 3502 292 12549 34144 4086 292 4961 37355 292 1167 584 7588 12549 292 9339 13424 292 13132 1751 3502 208661
189.0 860 4586 287 573 2006 2579 860 14043 287 10604 8885 1146 3439 287 12324 33532 4012 287 4872 36685 287 1146 573 7452 12324 287 9171 13184 287 12897 1720 3439 204918
190.0 844 4502 281 563 1970 2532 844 13787 281 10411 8723 1125 3376 281 12099 32921 3939 281 4783 36016 281 1125 563 7316 12099 281 9004 12943 281 12662 1688 3376 201182
191.0 828 4419 276 552 1933 2485 828 13532 276 10218 8561 1105 3314 276 11875 32311 3866 276 4695 35349 276 1105 552 7180 11875 276 8837 12703 276 12427 1657 3314 197456
192.0 813 4336 271 542 1897 2439 813 13278 271 10026 8400 1084 3252 271 11652 31704 3794 271 4606 34684 271 1084 542 7045 11652 271 8671 12465 271 12194 1626 3252 193744
193.0 797 4253 266 532 1861 2392 797 13024 266 9835 8240 1063 3190 266 11429 31099 3721 266 4519 34023 266 1063 532 6911 11429 266 8506 12227 266 11961 1595 3190 190048
194.0 782 4171 261 521 1825 2346 782 12772 261 9644 8080 1043 3128 261 11208 30497 3649 261 4431 33364 261 1043 521 6777 11208 261 8341 11990 261 11730 1564 3128 186371
195.0 767 4089 256 511 1789 2300 767 12522 256 9455 7922 1022 3067 256 10988 29899 3578 256 4344 32710 256 1022 511 6644 10988 256 8177 11755 256 11500 1533 3067 182715
196.0 751 4007 250 501 1753 2254 751 12273 250 9267 7764 1002 3006 250 10770 29305 3507 250 4258 32060 250 1002 501 6512 10770 250 8015 11521 250 11271 1503 3006 179084
197.0 736 3927 245 491 1718 2209 736 12026 245 9081 7608 982 2945 245 10553 28715 3436 245 4172 31414 245 982 491 6381 10553 245 7854 11290 245 11044 1473 2945 175479
198.0 721 3847 240 481 1683 2164 721 11781 240 8896 7453 962 2885 240 10338 28129 3366 240 4087 30774 240 962 481 6251 10338 240 7694 11059 240 10819 1443 2885 171902
199.0 706 3767 235 471 1648 2119 706 11538 235 8712 7299 942 2826 235 10125 27549 3296 235 4003 30139 235 942 471 6122 10125 235 7535 10831 235 10596 1413 2826 168357
200.0 692 3689 231 461 1614 2075 692 11297 231 8530 7147 922 2767 231 9914 26974 3228 231 3919 29511 231 922 461 5994 9914 231 7378 10605 231 10375 1383 2767 164844
201.0 677 3611 226 451 1580 2031 677 11059 226 8350 6996 903 2708 226 9705 26405 3160 226 3837 28888 226 903 451 5868 9705 226 7222 10382 226 10156 1354 2708 161366
202.0 663 3534 221 442 1546 1988 663 10823 221 8172 6847 883 2650 221 9498 25842 3092 221 3755 28272 221 883 442 5743 9498 221 7068 10160 221 9939 1325 2650 157924
203.0 648 3458 216 432 1513 1945 648 10589 216 7996 6699 864 2593 216 9293 25285 3026 216 3674 27662 216 864 432 5619 9293 216 6916 9941 216 9725 1297 2593 154519
204.0 634 3382 211 423 1480 1903 634 10359 211 7822 6554 846 2537 211 9090 24734 2960 211 3594 27060 211 846 423 5497 9090 211 6765 9725 211 9513 1268 2537 151154
205.0 620 3308 207 414 1447 1861 620 10131 207 7650 6409 827 2481 207 8890 24190 2895 207 3515 26465 207 827 414 5376 8890 207 6616 9511 207 9304 1241 2481 147830
206.0 606 3235 202 404 1415 1819 606 9906 202 7480 6267 809 2426 202 8693 23653 2830 202 3437 25877 202 809 404 5256 8693 202 6469 9300 202 9097 1213 2426 144548
207.0 593 3162 198 395 1383 1779 593 9684 198 7312 6127 791 2372 198 8498 23123 2767 198 3360 25297 198 791 395 5138 8498 198 6324 9091 198 8894 1186 2372 141309
208.0 579 3091 193 386 1352 1738 579 9465 193 7147 5988 773 2318 193 8306 22600 2704 193 3284 24725 193 773 386 5022 8306 193 6181 8886 193 8692 1159 2318 138113
209.0 566 3020 189 378 1321 1699 566 9249 189 6984 5852 755 2265 189 8117 22085 2643 189 3209 24161 189 755 378 4908 8117 189 6040 8683 189 8494 1133 2265 134963
210.0 553 2951 184 369 1291 1660 553 9036 184 6823 5717 738 2213 184 7930 21577 2582 184 3135 23605 184 738 369 4795 7930 184 5901 8483 184 8299 1107 2213 131859
211.0 540 2882 180 360 1261 1621 540 8827 180 6665 5584 721 2162 180 7746 21077 2522 180 3062 23058 180 721 360 4684 7746 180 5765 8286 180 8106 1081 2162 128801
212.0 528 2815 176 352 1232 1583 528 8621 176 6509 5454 704 2111 176 7565 20584 2463 176 2991 22519 176 704 352 4574 7565 176 5630 8093 176 7917 1056 2111 125790
213.0 515 2749 172 344 1203 1546 515 8418 172 6356 5325 687 2061 172 7387 20099 2405 172 2920 21989 172 687 344 4466 7387 172 5497 7902 172 7730 1031 2061 122827
214.0 503 2683 168 335 1174 1509 503 8218 168 6205 5199 671 2013 168 7212 19622 2348 168 2851 21467 168 671 335 4360 7212 168 5367 7715 168 7547 1006 2013 119913
215.0 491 2619 164 327 1146 1473 491 8021 164 6057 5075 655 1964 164 7039 19153 2292 164 2783 20954 164 655 327 4256 7039 164 5238 7530 164 7367 982 1964 117047
216.0 479 2556 160 320 1118 1438 479 7828 160 5911 4953 639 1917 160 6870 18692 2237 160 2716 20449 160 639 320 4154 6870 160 5112 7349 160 7189 959 1917 114229
217.0 468 2494 156 312 1091 1403 468 7639 156 5768 4833 624 1871 156 6703 18239 2182 156 2650 19954 156 624 312 4053 6703 156 4988 7171 156 7015 935 1871 111461
218.0 456 2433 152 304 1065 1369 456 7452 152 5627 4715 608 1825 152 6540 17794 2129 152 2585 19467 152 608 304 3954 6540 152 4867 6996 152 6844 913 1825 108742
219.0 445 2374 148 297 1038 1335 445 7269 148 5489 4599 593 1780 148 6379 17357 2077 148 2522 18989 148 593 297 3857 6379 148 4747 6824 148 6676 890 1780 106073
220.0 434 2315 145 289 1013 1302 434 7090 145 5353 4485 579 1736 145 6222 16929 2026 145 2460 18520 145 579 289 3762 6222 145 4630 6656 145 6511 868 1736 103452
221.0 423 2257 141 282 988 1270 423 6914 141 5220 4374 564 1693 141 6067 16508 1975 141 2399 18060 141 564 282 3668 6067 141 4515 6490 141 6349 847 1693 100882
222.0 413 2201 138 275 963 1238 413 6741 138 5090 4265 550 1651 138 5915 16095 1926 138 2339 17609 138 550 275 3577 5915 138 4402 6328 138 6190 825 1651 98360
223.0 402 2146 134 268 939 1207 402 6571 134 4962 4157 536 1609 134 5767 15691 1878 134 2280 17166 134 536 268 3487 5767 134 4291 6169 134 6035 805 1609 95888
224.0 392 2092 131 261 915 1176 392 6405 131 4837 4052 523 1569 131 5621 15294 1830 131 2222 16732 131 523 261 3399 5621 131 4183 6013 131 5882 784 1569 93464
225.0 382 2038 127 255 892 1147 382 6242 127 4714 3949 510 1529 127 5478 14905 1784 127 2166 16307 127 510 255 3312 5478 127 4077 5860 127 5733 764 1529 91089
226.0 372 1986 124 248 869 1117 372 6083 124 4593 3848 497 1490 124 5338 14525 1738 124 2110 15890 124 497 248 3228 5338 124 3973 5711 124 5586 745 1490 88763
227.0 363 1935 121 242 847 1089 363 5927 121 4475 3750 484 1451 121 5201 14152 1693 121 2056 15482 121 484 242 3145 5201 121 3871 5564 121 5443 726 1451 86484
228.0 354 1885 118 236 825 1061 354 5774 118 4360 3653 471 1414 118 5067 13787 1650 118 2003 15083 118 471 236 3064 5067 118 3771 5420 118 5303 707 1414 84253
229.0 344 1837 115 230 803 1033 344 5624 115 4247 3558 459 1377 115 4936 13430 1607 115 1951 14692 115 459 230 2984 4936 115 3673 5280 115 5165 689 1377 82070
230.0 335 1789 112 224 783 1006 335 5478 112 4136 3466 447 1342 112 4807 13080 1565 112 1901 14310 112 447 224 2907 4807 112 3577 5143 112 5031 671 1342 79933
231.0 327 1742 109 218 762 980 327 5335 109 4028 3375 435 1306 109 4681 12738 1524 109 1851 13936 109 435 218 2831 4681 109 3484 5008 109 4899 653 1306 77843
232.0 318 1696 106 212 742 954 318 5195 106 3922 3286 424 1272 106 4559 12403 1484 106 1802 13570 106 424 212 2756 4559 106 3392 4877 106 4771 636 1272 75799
233.0 310 1651 103 206 723 929 310 5058 103 3819 3200 413 1239 103 4438 12076 1445 103 1755 13212 103 413 206 2684 4438 103 3303 4748 103 4645 619 1239 73799
234.0 301 1608 100 201 703 904 301 4924 100 3718 3115 402 1206 100 4321 11757 1407 100 1708 12862 100 402 201 2613 4321 100 3215 4622 100 4522 603 1206 71845
235.0 293 1565 98 196 685 880 293 4793 98 3619 3032 391 1174 98 4206 11444 1369 98 1663 12520 98 391 196 2543 4206 98 3130 4499 98 4402 587 1174 69935
236.0 286 1523 95 190 666 857 286 4665 95 3522 2951 381 1142 95 4094 11139 1333 95 1618 12186 95 381 190 2475 4094 95 3046 4379 95 4284 571 1142 68069
237.0 278 1482 93 185 649 834 278 4540 93 3428 2872 371 1112 93 3984 10840 1297 93 1575 11859 93 371 185 2409 3984 93 2965 4262 93 4169 556 1112 66246
238.0 270 1443 90 180 631 811 270 4418 90 3336 2795 361 1082 90 3877 10549 1262 90 1533 11541 90 361 180 2344 3877 90 2885 4147 90 4057 541 1082 64465
239.0 263 1404 88 175 614 790 263 4299 88 3246 2720 351 1053 88 3772 10264 1228 88 1491 11229 88 351 175 2281 3772 88 2807 4036 88 3948 526 1053 62726
240.0 256 1366 85 171 597 768 256 4182 85 3158 2646 341 1024 85 3670 9986 1195 85 1451 10925 85 341 171 2219 3670 85 2731 3926 85 3841 512 1024 61028
241.0 249 1329 83 166 581 747 249 4069 83 3072 2574 332 996 83 3571 9715 1163 83 1412 10629 83 332 166 2159 3571 83 2657 3820 83 3737 498 996 59371
242.0 242 1292 81 162 565 727 242 3958 81 2989 2504 323 969 81 3473 9451 1131 81 1373 10339 81 323 162 2100 3473 81 2585 3716 81 3635 485 969 57754
243.0 236 1257 79 157 550 707 236 3850 79 2907 2436 314 943 79 3378 9192 1100 79 1336 10057 79 314 157 2043 3378 79 2514 3614 79 3536 471 943 56175
244.0 229 1223 76 153 535 688 229 3744 76 2827 2369 306 917 76 3286 8940 1070 76 1299 9781 76 306 153 1987 3286 76 2445 3515 76 3439 458 917 54636
245.0 223 1189 74 149 520 669 223 3641 74 2750 2304 297 892 74 3195 8695 1040 74 1263 9512 74 297 149 1932 3195 74 2378 3418 74 3344 446 892 53134
246.0 217 1156 72 145 506 650 217 3541 72 2674 2240 289 867 72 3107 8455 1012 72 1229 9250 72 289 145 1879 3107 72 2312 3324 72 3252 434 867 51669
247.0 211 1124 70 141 492 632 211 3443 70 2600 2178 281 843 70 3021 8221 984 70 1195 8994 70 281 141 1827 3021 70 2249 3232 70 3162 422 843 50241
248.0 205 1093 68 137 478 615 205 3348 68 2528 2118 273 820 68 2938 7993 956 68 1161 8745 68 273 137 1776 2938 68 2186 3143 68 3074 410 820 48849
249.0 199 1063 66 133 465 598 199 3255 66 2458 2059 266 797 66 2856 7771 930 66 1129 8502 66 266 133 1727 2856 66 2125 3055 66 2989 399 797 47491
250.0 194 1033 65 129 452 581 194 3164 65 2389 2002 258 775 65 2777 7555 904 65 1098 8265 65 258 129 1679 2777 65 2066 2970 65 2906 387 775 46168
251.0 188 1004 63 126 439 565 188 3076 63 2322 1946 251 753 63 2699 7344 879 63 1067 8034 63 251 126 1632 2699 63 2009 2887 63 2825 377 753 44879
252.0 183 976 61 122 427 549 183 2990 61 2257 1891 244 732 61 2623 7138 854 61 1037 7809 61 244 122 1586 2623 61 1952 2807 61 2746 366 732 43623
253.0 178 949 59 119 415 534 178 2906 59 2194 1838 237 712 59 2550 6938 830 59 1008 7590 59 237 119 1542 2550 59 1898 2728 59 2668 356 712 42399
254.0 173 922 58 115 403 519 173 2824 58 2132 1787 231 692 58 2478 6743 807 58 980 7377 58 231 115 1498 2478 58 1844 2651 58 2593 346 692 41207
255.0 168 896 56 112 392 504 168 2744 56 2072 1736 224 672 56 2408 6553 784 56 952 7169 56 224 112 1456 2408 56 1792 2576 56 2520 336 672 40046
256.0 163 871 54 109 381 490 163 2667 54 2014 1687 218 653 54 2340 6368 762 54 925 6967 54 218 109 1415 2340 54 1742 2504 54 2449 327 653 38915
257.0 159 846 53 106 370 476 159 2591 53 1957 1640 212 635 53 2274 6188 740 53 899 6770 53 212 106 1375 2274 53 1692 2433 53 2380 317 635 37815
258.0 154 822 51 103 360 462 154 2518 51 1901 1593 206 617 51 2210 6012 719 51 874 6578 51 206 103 1336 2210 51 1644 2364 51 2312 308 617 36743
259.0 150 799 50 100 350 449 150 2447 50 1847 1548 200 599 50 2147 5842 699 50 849 6391 50 200 100 1298 2147 50 1598 2297 50 2247 300 599 35699
260.0 146 776 49 97 340 437 146 2377 49 1795 1504 194 582 49 2086 5675 679 49 825 6209 49 194 97 1261 2086 49 1552 2231 49 2183 291 582 34683
261.0 141 754 47 94 330 424 141 2309 47 1744 1461 189 566 47 2026 5514 660 47 801 6032 47 189 94 1225 2026 47 1508 2168 47 2121 283 566 33695
262.0 137 732 46 92 320 412 137 2243 46 1694 1419 183 549 46 1969 5356 641 46 778 5860 46 183 92 1190 1969 46 1465 2106 46 2060 275 549 32733
263.0 133 712 44 89 311 400 133 2179 44 1645 1379 178 534 44 1912 5203 623 44 756 5692 44 178 89 1156 1912 44 1423 2046 44 2001 267 534 31796
264.0 130 691 43 86 302 389 130 2117 43 1598 1339 173 518 43 1857 5054 605 43 734 5529 43 173 86 1123 1857 43 1382 1987 43 1944 259 518 30886
265.0 126 671 42 84 294 378 126 2056 42 1552 1301 168 503 42 1804 4909 587 42 713 5371 42 168 84 1091 1804 42 1343 1930 42 1888 252 503 29999
266.0 122 652 41 82 285 367 122 1997 41 1508 1263 163 489 41 1752 4768 571 41 693 5216 41 163 82 1060 1752 41 1304 1875 41 1834 245 489 29137
267.0 119 633 40 79 277 356 119 1939 40 1464 1227 158 475 40 1702 4631 554 40 673 5066 40 158 79 1029 1702 40 1267 1821 40 1781 237 475 28299
268.0 115 615 38 77 269 346 115 1883 38 1422 1192 154 461 38 1653 4497 538 38 653 4920 38 154 77 999 1653 38 1230 1768 38 1730 231 461 27483
269.0 112 597 37 75 261 336 112 1829 37 1381 1157 149 448 37 1605 4367 523 37 635 4778 37 149 75 971 1605 37 1195 1717 37 1680 224 448 26690
270.0 109 580 36 72 254 326 109 1776 36 1341 1124 145 435 36 1559 4241 507 36 616 4640 36 145 72 942 1559 36 1160 1667 36 1631 217 435 25919
271.0 106 563 35 70 246 317 106 1725 35 1302 1091 141 422 35 1514 4119 493 35 598 4506 35 141 70 915 1514 35 1126 1619 35 1584 211 422 25169
272.0 103 547 34 68 239 308 103 1675 34 1265 1060 137 410 34 1470 3999 479 34 581 4375 34 137 68 889 1470 34 1094 1572 34 1538 205 410 24440
273.0 100 531 33 66 232 299 100 1626 33 1228 1029 133 398 33 1427 3883 465 33 564 4248 33 133 66 863 1427 33 1062 1527 33 1494 199 398 23731
274.0 97 516 32 64 226 290 97 1579 32 1192 999 129 387 32 1386 3770 451 32 548 4125 32 129 64 838 1386 32 1031 1482 32 1450 193 387 23041
275.0 94 501 31 63 219 282 94 1533 31 1158 970 125 375 31 1345 3661 438 31 532 4005 31 125 63 814 1345 31 1001 1439 31 1408 188 375 22372
276.0 91 486 30 61 213 273 91 1489 30 1124 942 122 365 30 1306 3554 425 30 516 3888 30 122 61 790 1306 30 972 1397 30 1367 182 365 21720
277.0 88 472 29 59 206 265 88 1445 29 1091 914 118 354 29 1268 3451 413 29 501 3775 29 118 59 767 1268 29 944 1357 29 1327 177 354 21087
278.0 86 458 29 57 200 258 86 1403 29 1059 888 115 344 29 1231 3350 401 29 487 3665 29 115 57 744 1231 29 916 1317 29 1288 172 344 20472
279.0 83 445 28 56 195 250 83 1362 28 1028 862 111 334 28 1195 3252 389 28 473 3558 28 111 56 723 1195 28 889 1279 28 1251 167 334 19875
280.0 81 432 27 54 189 243 81 1322 27 998 837 108 324 27 1160 3157 378 27 459 3454 27 108 54 702 1160 27 863 1241 27 1214 162 324 19294
281.0 79 419 26 52 183 236 79 1284 26 969 812 105 314 26 1126 3065 367 26 445 3353 26 105 52 681 1126 26 838 1205 26 1179 157 314 18729
282.0 76 407 25 51 178 229 76 1246 25 941 788 102 305 25 1093 2975 356 25 432 3255 25 102 51 661 1093 25 814 1170 25 1144 153 305 18181
283.0 74 395 25 49 173 222 74 1209 25 913 765 99 296 25 1061 2888 346 25 420 3159 25 99 49 642 1061 25 790 1135 25 1111 148 296 17648
284.0 72 383 24 48 168 216 72 1174 24 886 743 96 288 24 1030 2803 335 24 407 3067 24 96 48 623 1030 24 767 1102 24 1078 144 288 17131
285.0 70 372 23 47 163 209 70 1140 23 860 721 93 279 23 1000 2721 326 23 395 2977 23 93 47 605 1000 23 744 1070 23 1046 140 279 16628
286.0 68 361 23 45 158 203 68 1106 23 835 700 90 271 23 971 2641 316 23 384 2889 23 90 45 587 971 23 722 1038 23 1016 135 271 16139
287.0 66 351 22 44 153 197 66 1074 22 811 679 88 263 22 942 2563 307 22 372 2804 22 88 44 570 942 22 701 1008 22 986 131 263 15665
288.0 64 340 21 43 149 191 64 1042 21 787 659 85 255 21 914 2488 298 21 361 2722 21 85 43 553 914 21 680 978 21 957 128 255 15204
289.0 62 330 21 41 144 186 62 1011 21 764 640 83 248 21 887 2415 289 21 351 2642 21 83 41 537 887 21 660 949 21 929 124 248 14756
290.0 60 320 20 40 140 180 60 981 20 741 621 80 240 20 861 2344 280 20 341 2564 20 80 40 521 861 20 641 921 20 901 120 240 14322
291.0 58 311 19 39 136 175 58 953 19 719 603 78 233 19 836 2274 272 19 330 2488 19 78 39 505 836 19 622 894 19 875 117 233 13899
292.0 57 302 19 38 132 170 57 924 19 698 585 75 226 19 811 2207 264 19 321 2415 19 75 38 491 811 19 604 868 19 849 113 226 13489
293.0 55 293 18 37 128 165 55 897 18 677 568 73 220 18 787 2142 256 18 311 2344 18 73 37 476 787 18 586 842 18 824 110 220 13091
294.0 53 284 18 36 124 160 53 871 18 657 551 71 213 18 764 2079 249 18 302 2274 18 71 36 462 764 18 569 817 18 800 107 213 12704
295.0 52 276 17 34 121 155 52 845 17 638 535 69 207 17 741 2017 241 17 293 2207 17 69 34 448 741 17 552 793 17 776 103 207 12329
296.0 50 268 17 33 117 151 50 820 17 619 519 67 201 17 720 1958 234 17 284 2142 17 67 33 435 720 17 535 770 17 753 100 201 11964
297.0 49 260 16 32 114 146 49 796 16 601 503 65 195 16 698 1900 227 16 276 2079 16 65 32 422 698 16 520 747 16 731 97 195 11610
298.0 47 252 16 32 110 142 47 772 16 583 488 63 189 16 678 1844 221 16 268 2017 16 63 32 410 678 16 504 725 16 709 95 189 11267
299.0 46 245 15 31 107 138 46 749 15 566 474 61 183 15 658 1789 214 15 260 1957 15 61 31 398 658 15 489 703 15 688 92 183 10933
300.0 45 237 15 30 104 134 45 727 15 549 460 59 178 15 638 1736 208 15 252 1899 15 59 30 386 638 15 475 683 15 668 89 178 10609
301.0 43 230 14 29 101 130 43 706 14 533 446 58 173 14 619 1685 202 14 245 1843 14 58 29 374 619 14 461 662 14 648 86 173 10295
302.0 42 224 14 28 98 126 42 685 14 517 433 56 168 14 601 1635 196 14 238 1788 14 56 28 363 601 14 447 643 14 629 84 168 9989
303.0 41 217 14 27 95 122 41 664 14 502 420 54 163 14 583 1586 190 14 230 1735 14 54 27 352 583 14 434 624 14 610 81 163 9693
304.0 39 210 13 26 92 118 39 645 13 487 408 53 158 13 566 1539 184 13 224 1684 13 53 26 342 566 13 421 605 13 592 79 158 9405
305.0 38 204 13 26 89 115 38 625 13 472 396 51 153 13 549 1493 179 13 217 1634 13 51 26 332 549 13 408 587 13 574 77 153 9126
306.0 37 198 12 25 87 111 37 607 12 458 384 50 149 12 533 1449 173 12 211 1585 12 50 25 322 533 12 396 570 12 557 74 149 8855
307.0 36 192 12 24 84 108 36 589 12 445 373 48 144 12 517 1406 168 12 204 1538 12 48 24 312 517 12 385 553 12 541 72 144 8592
308.0 35 187 12 23 82 105 35 571 12 431 361 47 140 12 501 1364 163 12 198 1492 12 47 23 303 501 12 373 536 12 525 70 140 8337
309.0 34 181 11 23 79 102 34 554 11 419 351 45 136 11 486 1324 158 11 192 1448 11 45 23 294 486 11 362 520 11 509 68 136 8089
310.0 33 176 11 22 77 99 33 538 11 406 340 44 132 11 472 1284 154 11 187 1405 11 44 22 285 472 11 351 505 11 494 66 132 7848
311.0 32 170 11 21 75 96 32 522 11 394 330 43 128 11 458 1246 149 11 181 1363 11 43 21 277 458 11 341 490 11 479 64 128 7615
312.0 31 165 10 21 72 93 31 506 10 382 320 41 124 10 444 1209 145 10 176 1323 10 41 21 269 444 10 331 475 10 465 62 124 7388
313.0 30 160 10 20 70 90 30 491 10 371 311 40 120 10 431 1173 140 10 170 1283 10 40 20 261 431 10 321 461 10 451 60 120 7168
314.0 29 156 10 19 68 88 29 477 10 360 302 39 117 10 418 1138 136 10 165 1245 10 39 19 253 418 10 311 447 10 438 58 117 6955
315.0 28 151 9 19 66 85 28 462 9 349 293 38 113 9 406 1104 132 9 160 1208 9 38 19 245 406 9 302 434 9 425 57 113 6748
316.0 27 147 9 18 64 82 27 449 9 339 284 37 110 9 394 1071 128 9 156 1172 9 37 18 238 394 9 293 421 9 412 55 110 6547
317.0 27 142 9 18 62 80 27 435 9 329 275 36 107 9 382 1039 124 9 151 1137 9 36 18 231 382 9 284 409 9 400 53 107 6352
318.0 26 138 9 17 60 78 26 422 9 319 267 34 103 9 371 1008 121 9 147 1103 9 34 17 224 371 9 276 396 9 388 52 103 6162
319.0 25 134 8 17 59 75 25 410 8 309 259 33 100 8 360 978 117 8 142 1070 8 33 17 217 360 8 268 385 8 376 50 100 5979
320.0 24 130 8 16 57 73 24 398 8 300 251 32 97 8 349 949 114 8 138 1038 8 32 16 211 349 8 260 373 8 365 49 97 5800
321.0 24 126 8 16 55 71 24 386 8 291 244 31 94 8 338 921 110 8 134 1007 8 31 16 205 338 8 252 362 8 354 47 94 5628
322.0 23 122 8 15 53 69 23 374 8 283 237 31 92 8 328 893 107 8 130 977 8 31 15 199 328 8 244 351 8 344 46 92 5460
323.0 22 119 7 15 52 67 22 363 7 274 230 30 89 7 319 867 104 7 126 948 7 30 15 193 319 7 237 341 7 333 44 89 5297
324.0 22 115 7 14 50 65 22 352 7 266 223 29 86 7 309 841 101 7 122 920 7 29 14 187 309 7 230 331 7 323 43 86 5139
325.0 21 112 7 14 49 63 21 342 7 258 216 28 84 7 300 816 98 7 119 893 7 28 14 181 300 7 223 321 7 314 42 84 4986
326.0 20 108 7 14 47 61 20 331 7 250 210 27 81 7 291 791 95 7 115 866 7 27 14 176 291 7 216 311 7 304 41 81 4837
327.0 20 105 7 13 46 59 20 322 7 243 203 26 79 7 282 768 92 7 112 840 7 26 13 171 282 7 210 302 7 295 39 79 4692
328.0 19 102 6 13 45 57 19 312 6 236 197 25 76 6 274 745 89 6 108 815 6 25 13 166 274 6 204 293 6 287 38 76 4552
329.0 19 99 6 12 43 56 19 303 6 229 191 25 74 6 266 723 86 6 105 791 6 25 12 161 266 6 198 284 6 278 37 74 4416
330.0 18 96 6 12 42 54 18 294 6 222 186 24 72 6 258 701 84 6 102 767 6 24 12 156 258 6 192 276 6 270 36 72 4285
331.0 17 93 6 12 41 52 17 285 6 215 180 23 70 6 250 680 81 6 99 744 6 23 12 151 250 6 186 267 6 262 35 70 4157
332.0 17 90 6 11 39 51 17 276 6 209 175 23 68 6 243 660 79 6 96 722 6 23 11 147 243 6 180 259 6 254 34 68 4033
333.0 16 88 5 11 38 49 16 268 5 202 170 22 66 5 235 640 77 5 93 700 5 22 11 142 235 5 175 252 5 246 33 66 3912
334.0 16 85 5 11 37 48 16 260 5 196 165 21 64 5 228 621 74 5 90 679 5 21 11 138 228 5 170 244 5 239 32 64 3795
335.0 15 82 5 10 36 46 15 252 5 191 160 21 62 5 221 602 72 5 88 659 5 21 10 134 221 5 165 237 5 232 31 62 3682
336.0 15 80 5 10 35 45 15 245 5 185 155 20 60 5 215 584 70 5 85 639 5 20 10 130 215 5 160 230 5 225 30 60 3572
337.0 15 78 5 10 34 44 15 237 5 179 150 19 58 5 208 567 68 5 82 620 5 19 10 126 208 5 155 223 5 218 29 58 3465
338.0 14 75 5 9 33 42 14 230 5 174 146 19 56 5 202 550 66 5 80 602 5 19 9 122 202 5 150 216 5 212 28 56 3362
339.0 14 73 5 9 32 41 14 224 5 169 141 18 55 5 196 534 64 5 78 584 5 18 9 119 196 5 146 210 5 205 27 55 3261
340.0 13 71 4 9 31 40 13 217 4 164 137 18 53 4 190 518 62 4 75 566 4 18 9 115 190 4 142 204 4 199 27 53 3164
341.0 13 69 4 9 30 39 13 210 4 159 133 17 52 4 185 502 60 4 73 549 4 17 9 112 185 4 137 197 4 193 26 52 3069
342.0 12 67 4 8 29 37 12 204 4 154 129 17 50 4 179 487 58 4 71 533 4 17 8 108 179 4 133 192 4 187 25 50 2978
343.0 12 65 4 8 28 36 12 198 4 149 125 16 48 4 174 473 57 4 69 517 4 16 8 105 174 4 129 186 4 182 24 48 2889
344.0 12 63 4 8 27 35 12 192 4 145 121 16 47 4 169 459 55 4 67 502 4 16 8 102 169 4 125 180 4 176 24 47 2802
345.0 11 61 4 8 27 34 11 186 4 141 118 15 46 4 163 445 53 4 65 487 4 15 8 99 163 4 122 175 4 171 23 46 2719
346.0 11 59 4 7 26 33 11 181 4 136 114 15 44 4 159 432 52 4 63 472 4 15 7 96 159 4 118 170 4 166 22 44 2637
347.0 11 57 4 7 25 32 11 175 4 132 111 14 43 4 154 419 50 4 61 458 4 14 7 93 154 4 115 165 4 161 21 43 2559
348.0 10 56 3 7 24 31 10 170 3 128 108 14 42 3 149 406 49 3 59 444 3 14 7 90 149 3 111 160 3 156 21 42 2482
349.0 10 54 3 7 24 30 10 165 3 125 104 13 40 3 145 394 47 3 57 431 3 13 7 88 145 3 108 155 3 152 20 40 2408
350.0 10 52 3 7 23 29 10 160 3 121 101 13 39 3 140 382 46 3 56 418 3 13 7 85 140 3 105 150 3 147 20 39 2336
351.0 10 51 3 6 22 29 10 155 3 117 98 13 38 3 136 371 44 3 54 406 3 13 6 82 136 3 101 146 3 143 19 38 2266
352.0 9 49 3 6 22 28 9 151 3 114 95 12 37 3 132 360 43 3 52 394 3 12 6 80 132 3 98 141 3 138 18 37 2198
353.0 9 48 3 6 21 27 9 146 3 110 92 12 36 3 128 349 42 3 51 382 3 12 6 78 128 3 95 137 3 134 18 36 2133
354.0 9 46 3 6 20 26 9 142 3 107 90 12 35 3 124 339 41 3 49 370 3 12 6 75 124 3 93 133 3 130 17 35 2069
355.0 8 45 3 6 20 25 8 138 3 104 87 11 34 3 121 328 39 3 48 359 3 11 6 73 121 3 90 129 3 126 17 34 2007
356.0 8 44 3 5 19 25 8 133 3 101 84 11 33 3 117 319 38 3 46 349 3 11 5 71 117 3 87 125 3 123 16 33 1947
357.0 8 42 3 5 18 24 8 129 3 98 82 11 32 3 114 309 37 3 45 338 3 11 5 69 114 3 85 122 3 119 16 32 1889
358.0 8 41 3 5 18 23 8 126 3 95 79 10 31 3 110 300 36 3 44 328 3 10 5 67 110 3 82 118 3 115 15 31 1833
359.0 7 40 2 5 17 22 7 122 2 92 77 10 30 2 107 291 35 2 42 318 2 10 5 65 107 2 80 114 2 112 15 30 1778
360.0 7 39 2 5 17 22 7 118 2 89 75 10 29 2 104 282 34 2 41 309 2 10 5 63 104 2 77 111 2 109 14 29 1725
361.0 7 37 2 5 16 21 7 115 2 87 73 9 28 2 101 274 33 2 40 300 2 9 5 61 101 2 75 108 2 105 14 28 1673
362.0 7 36 2 5 16 20 7 111 2 84 70 9 27 2 98 266 32 2 39 291 2 9 5 59 98 2 73 104 2 102 14 27 1623
363.0 7 35 2 4 15 20 7 108 2 81 68 9 26 2 95 258 31 2 37 282 2 9 4 57 95 2 70 101 2 99 13 26 1575
364.0 6 34 2 4 15 19 6 105 2 79 66 9 26 2 92 250 30 2 36 273 2 9 4 56 92 2 68 98 2 96 13 26 1528
365.0 6 33 2 4 15 19 6 102 2 77 64 8 25 2 89 243 29 2 35 265 2 8 4 54 89 2 66 95 2 93 12 25 1482
